1.000000e+00 1.197625e-11 1.704638e-10 0.000000e+00 1.197625e-11 1.000000e+00 3.562503e-10 -1.110223e-16 1.704638e-10 3.562503e-10 1.000000e+00 2.220446e-16
9.999975e-01 1.206543e-03 1.896571e-03 -8.862835e-03 -1.204129e-03 9.999985e-01 -1.273827e-03 -1.396703e-02 -1.898105e-03 1.271540e-03 9.999974e-01 1.218200e+00
9.999907e-01 2.342972e-03 3.632907e-03 -1.880100e-02 -2.339813e-03 9.999969e-01 -8.736226e-04 -3.359201e-02 -3.634942e-03 8.651141e-04 9.999930e-01 2.432234e+00
9.999869e-01 2.190356e-03 4.615580e-03 -2.006221e-02 -2.187697e-03 9.999974e-01 -5.809826e-04 -5.582569e-02 -4.616840e-03 5.708776e-04 9.999892e-01 3.643443e+00
9.999807e-01 2.481299e-03 5.695049e-03 -2.364051e-02 -2.477197e-03 9.999967e-01 -7.273316e-04 -7.577184e-02 -5.696834e-03 7.132098e-04 9.999835e-01 4.847617e+00
9.999743e-01 2.637134e-03 6.672923e-03 -2.233538e-02 -2.631263e-03 9.999961e-01 -8.884096e-04 -9.699671e-02 -6.675241e-03 8.708285e-04 9.999773e-01 6.055121e+00
9.999642e-01 3.671601e-03 7.618715e-03 -2.318036e-02 -3.657133e-03 9.999915e-01 -1.912113e-03 -1.201634e-01 -7.625670e-03 1.884182e-03 9.999691e-01 7.263407e+00
9.999569e-01 3.881742e-03 8.438102e-03 -1.985855e-02 -3.860917e-03 9.999895e-01 -2.482871e-03 -1.412418e-01 -8.447651e-03 2.450185e-03 9.999613e-01 8.461851e+00
9.999584e-01 3.518281e-03 8.419553e-03 -1.110995e-02 -3.508435e-03 9.999931e-01 -1.183829e-03 -1.634107e-01 -8.423661e-03 1.154240e-03 9.999639e-01 9.662840e+00
9.999669e-01 3.599859e-03 7.300848e-03 -1.497567e-02 -3.597219e-03 9.999935e-01 -3.747369e-04 -1.854238e-01 -7.302150e-03 3.484618e-04 9.999733e-01 1.086077e+01
9.999826e-01 3.219669e-03 4.951496e-03 -1.442859e-02 -3.215425e-03 9.999945e-01 -8.649490e-04 -2.121608e-01 -4.954254e-03 8.490128e-04 9.999874e-01 1.206075e+01
9.999867e-01 4.261055e-03 2.903093e-03 -1.687016e-02 -4.256786e-03 9.999899e-01 -1.475257e-03 -2.345888e-01 -2.909349e-03 1.462880e-03 9.999947e-01 1.327120e+01
9.999850e-01 5.209378e-03 1.692299e-03 -2.356344e-02 -5.206337e-03 9.999848e-01 -1.796428e-03 -2.547544e-01 -1.701632e-03 1.787590e-03 9.999970e-01 1.446792e+01
9.999730e-01 7.258692e-03 1.115184e-03 -3.806330e-02 -7.256484e-03 9.999717e-01 -1.970802e-03 -2.791592e-01 -1.129458e-03 1.962656e-03 9.999974e-01 1.567871e+01
9.999691e-01 7.829518e-03 6.746035e-04 -4.669225e-02 -7.828129e-03 9.999673e-01 -2.036916e-03 -3.021799e-01 -6.905295e-04 2.031572e-03 9.999977e-01 1.688888e+01
9.999679e-01 8.014691e-03 1.858356e-04 -5.256808e-02 -8.014393e-03 9.999667e-01 -1.551245e-03 -3.294121e-01 -1.982622e-04 1.549706e-03 9.999988e-01 1.809643e+01
9.999679e-01 8.014691e-03 1.858356e-04 -6.631862e-02 -8.014393e-03 9.999667e-01 -1.551245e-03 -3.532517e-01 -1.982622e-04 1.549706e-03 9.999988e-01 1.930028e+01
9.999611e-01 8.806565e-03 -4.130593e-04 -7.426741e-02 -8.807617e-03 9.999578e-01 -2.619293e-03 -3.775220e-01 3.899749e-04 2.622829e-03 9.999965e-01 2.051337e+01
9.999620e-01 8.653345e-03 -1.073799e-03 -8.131372e-02 -8.657196e-03 9.999559e-01 -3.635795e-03 -3.995796e-01 1.042290e-03 3.644953e-03 9.999928e-01 2.171073e+01
9.999517e-01 9.652703e-03 -1.858504e-03 -9.115537e-02 -9.658462e-03 9.999485e-01 -3.115138e-03 -4.297462e-01 1.828339e-03 3.132938e-03 9.999934e-01 2.291579e+01
9.999484e-01 9.863503e-03 -2.442754e-03 -1.105665e-01 -9.871358e-03 9.999461e-01 -3.224591e-03 -4.625956e-01 2.410816e-03 3.248538e-03 9.999918e-01 2.411969e+01
9.999431e-01 1.014564e-02 -3.286685e-03 -1.229482e-01 -1.015909e-02 9.999400e-01 -4.100503e-03 -4.872053e-01 3.244885e-03 4.133660e-03 9.999862e-01 2.532393e+01
9.999315e-01 1.096792e-02 -4.078420e-03 -1.370192e-01 -1.098267e-02 9.999332e-01 -3.612342e-03 -5.102094e-01 4.038527e-03 3.656886e-03 9.999852e-01 2.653739e+01
9.999363e-01 1.022827e-02 -4.763763e-03 -1.492747e-01 -1.023771e-02 9.999457e-01 -1.961152e-03 -5.354575e-01 4.743445e-03 2.009797e-03 9.999867e-01 2.774781e+01
9.999322e-01 1.013414e-02 -5.731175e-03 -1.593770e-01 -1.014532e-02 9.999467e-01 -1.926083e-03 -5.613974e-01 5.711350e-03 1.984097e-03 9.999817e-01 2.894692e+01
9.999317e-01 9.761376e-03 -6.426022e-03 -1.759539e-01 -9.780873e-03 9.999476e-01 -3.009606e-03 -5.843307e-01 6.396308e-03 3.072253e-03 9.999748e-01 3.014831e+01
9.999243e-01 9.920580e-03 -7.272905e-03 -1.905759e-01 -9.951337e-03 9.999416e-01 -4.205042e-03 -6.086419e-01 7.230764e-03 4.277099e-03 9.999647e-01 3.136395e+01
9.999093e-01 1.101133e-02 -7.756149e-03 -2.141558e-01 -1.104549e-02 9.999294e-01 -4.375440e-03 -6.328249e-01 7.707422e-03 4.460713e-03 9.999603e-01 3.256873e+01
9.999051e-01 1.093964e-02 -8.377210e-03 -2.311656e-01 -1.097264e-02 9.999322e-01 -3.903665e-03 -6.600824e-01 8.333938e-03 3.995214e-03 9.999573e-01 3.378651e+01
9.998999e-01 1.090394e-02 -9.012417e-03 -2.509955e-01 -1.093779e-02 9.999333e-01 -3.715104e-03 -6.868872e-01 8.971306e-03 3.813308e-03 9.999525e-01 3.499749e+01
9.998984e-01 1.052942e-02 -9.610783e-03 -2.696044e-01 -1.056738e-02 9.999365e-01 -3.908059e-03 -7.148076e-01 9.569023e-03 4.009222e-03 9.999462e-01 3.621452e+01
9.998917e-01 1.060622e-02 -1.020219e-02 -2.875649e-01 -1.064892e-02 9.999347e-01 -4.140317e-03 -7.389623e-01 1.015761e-02 4.248511e-03 9.999394e-01 3.741616e+01
9.998985e-01 9.959904e-03 -1.019031e-02 -3.104080e-01 -9.998098e-03 9.999432e-01 -3.703963e-03 -7.624813e-01 1.015284e-02 3.805470e-03 9.999412e-01 3.863858e+01
9.998960e-01 1.024905e-02 -1.014696e-02 -3.300037e-01 -1.027565e-02 9.999439e-01 -2.572558e-03 -7.879562e-01 1.012002e-02 2.676557e-03 9.999452e-01 3.986033e+01
9.998878e-01 1.104805e-02 -1.011440e-02 -3.477639e-01 -1.106686e-02 9.999371e-01 -1.804848e-03 -8.169303e-01 1.009382e-02 1.916580e-03 9.999472e-01 4.108731e+01
9.998757e-01 1.226656e-02 -9.901046e-03 -3.720614e-01 -1.228971e-02 9.999219e-01 -2.280180e-03 -8.456636e-01 9.872302e-03 2.401577e-03 9.999484e-01 4.229934e+01
9.998594e-01 1.369538e-02 -9.670915e-03 -3.877003e-01 -1.371778e-02 9.999034e-01 -2.253354e-03 -8.744354e-01 9.639120e-03 2.385700e-03 9.999507e-01 4.354200e+01
9.998238e-01 1.663715e-02 -8.688920e-03 -4.172911e-01 -1.664441e-02 9.998612e-01 -7.642561e-04 -8.951967e-01 8.674999e-03 9.087434e-04 9.999620e-01 4.475150e+01
9.998273e-01 1.718901e-02 -7.062471e-03 -4.316804e-01 -1.717318e-02 9.998499e-01 2.296113e-03 -9.213164e-01 7.100879e-03 -2.174431e-03 9.999724e-01 4.596996e+01
9.998261e-01 1.812776e-02 -4.369144e-03 -4.724663e-01 -1.810504e-02 9.998227e-01 5.183707e-03 -9.445887e-01 4.462338e-03 -5.103702e-03 9.999770e-01 4.717250e+01
9.998172e-01 1.891811e-02 -2.787512e-03 -4.829006e-01 -1.889505e-02 9.997888e-01 8.078185e-03 -9.562707e-01 2.939747e-03 -8.024037e-03 9.999635e-01 4.838528e+01
9.998311e-01 1.831419e-02 -1.558630e-03 -4.913998e-01 -1.829960e-02 9.997928e-01 8.909984e-03 -9.648248e-01 1.721486e-03 -8.879957e-03 9.999591e-01 4.960417e+01
9.998614e-01 1.664897e-02 1.197461e-04 -5.013540e-01 -1.664940e-02 9.998351e-01 7.245284e-03 -9.734756e-01 9.002030e-07 -7.246273e-03 9.999737e-01 5.082248e+01
9.998365e-01 1.804289e-02 1.222340e-03 -5.084989e-01 -1.804917e-02 9.998229e-01 5.331554e-03 -9.849047e-01 -1.125926e-03 -5.352744e-03 9.999850e-01 5.203208e+01
9.998219e-01 1.876521e-02 1.996637e-03 -5.156125e-01 -1.877433e-02 9.998129e-01 4.647591e-03 -9.995467e-01 -1.909051e-03 -4.684249e-03 9.999872e-01 5.324215e+01
9.998213e-01 1.879351e-02 2.027681e-03 -5.165175e-01 -1.880171e-02 9.998148e-01 4.105532e-03 -1.017872e+00 -1.950148e-03 -4.142922e-03 9.999895e-01 5.446149e+01
9.998310e-01 1.834068e-02 1.276084e-03 -5.219591e-01 -1.834443e-02 9.998272e-01 2.997517e-03 -1.039212e+00 -1.220887e-03 -3.020419e-03 9.999947e-01 5.568314e+01
9.998039e-01 1.980163e-02 2.531939e-04 -5.458321e-01 -1.980227e-02 9.997998e-01 2.851700e-03 -1.045291e+00 -1.966749e-04 -2.856154e-03 9.999959e-01 5.689100e+01
9.997981e-01 2.006878e-02 -9.549590e-04 -5.558696e-01 -2.006473e-02 9.997903e-01 4.084434e-03 -1.068038e+00 1.036728e-03 -4.064448e-03 9.999912e-01 5.813073e+01
9.997912e-01 2.036300e-02 -1.727771e-03 -5.703713e-01 -2.035582e-02 9.997845e-01 4.077676e-03 -1.085240e+00 1.810433e-03 -4.041654e-03 9.999902e-01 5.934421e+01
9.997568e-01 2.189816e-02 -2.592306e-03 -5.803754e-01 -2.188887e-02 9.997541e-01 3.559241e-03 -1.102331e+00 2.669610e-03 -3.501633e-03 9.999903e-01 6.055807e+01
9.997370e-01 2.272438e-02 -3.084060e-03 -5.962478e-01 -2.271456e-02 9.997369e-01 3.180531e-03 -1.114244e+00 3.155525e-03 -3.109641e-03 9.999902e-01 6.177457e+01
9.997417e-01 2.248703e-02 -3.294473e-03 -6.023833e-01 -2.247850e-02 9.997439e-01 2.602652e-03 -1.133910e+00 3.352156e-03 -2.527925e-03 9.999912e-01 6.299740e+01
9.997556e-01 2.186320e-02 -3.285408e-03 -6.159192e-01 -2.185888e-02 9.997602e-01 1.346371e-03 -1.150168e+00 3.314056e-03 -1.274226e-03 9.999937e-01 6.420323e+01
9.997557e-01 2.178735e-02 -3.725765e-03 -6.230750e-01 -2.177829e-02 9.997598e-01 2.454405e-03 -1.167298e+00 3.778345e-03 -2.372665e-03 9.999900e-01 6.541355e+01
9.997497e-01 2.203879e-02 -3.862956e-03 -6.356117e-01 -2.202361e-02 9.997497e-01 3.929846e-03 -1.187487e+00 3.948599e-03 -3.843786e-03 9.999848e-01 6.661895e+01
9.997214e-01 2.322515e-02 -4.208842e-03 -6.380420e-01 -2.321710e-02 9.997285e-01 1.951407e-03 -1.202995e+00 4.253021e-03 -1.853146e-03 9.999892e-01 6.784088e+01
9.996719e-01 2.526437e-02 -4.231134e-03 -6.504237e-01 -2.526172e-02 9.996806e-01 6.781907e-04 -1.223086e+00 4.246917e-03 -5.710824e-04 9.999908e-01 6.906663e+01
9.995990e-01 2.799389e-02 -4.265460e-03 -6.633012e-01 -2.799095e-02 9.996079e-01 7.453526e-04 -1.240856e+00 4.284653e-03 -6.256594e-04 9.999906e-01 7.028462e+01
9.995438e-01 2.994081e-02 -3.957125e-03 -6.809286e-01 -2.993855e-02 9.995515e-01 6.299271e-04 -1.257246e+00 3.974211e-03 -5.111692e-04 9.999920e-01 7.147705e+01
9.994931e-01 3.161416e-02 -3.741453e-03 -6.954877e-01 -3.161047e-02 9.994997e-01 1.041076e-03 -1.278682e+00 3.772494e-03 -9.222796e-04 9.999925e-01 7.267727e+01
9.994738e-01 3.231512e-02 -2.798498e-03 -7.060508e-01 -3.230969e-02 9.994760e-01 1.966163e-03 -1.301215e+00 2.860568e-03 -1.874709e-03 9.999942e-01 7.387558e+01
9.994063e-01 3.445099e-02 -3.893450e-04 -7.214296e-01 -3.444992e-02 9.994033e-01 2.484415e-03 -1.317338e+00 4.747033e-04 -2.469528e-03 9.999968e-01 7.506027e+01
9.994427e-01 3.332831e-02 1.858926e-03 -7.177285e-01 -3.332831e-02 9.994445e-01 -2.973688e-05 -1.336021e+00 -1.858884e-03 -3.223454e-05 9.999983e-01 7.624627e+01
9.995132e-01 3.089737e-02 4.321765e-03 -7.188017e-01 -3.087368e-02 9.995085e-01 -5.443396e-03 -1.352877e+00 -4.487828e-03 5.307317e-03 9.999758e-01 7.744843e+01
9.994560e-01 3.228955e-02 6.715331e-03 -7.212735e-01 -3.224865e-02 9.994612e-01 -6.112772e-03 -1.373158e+00 -6.909091e-03 5.892886e-03 9.999588e-01 7.863485e+01
9.994652e-01 3.134216e-02 9.331651e-03 -7.065579e-01 -3.131796e-02 9.995057e-01 -2.728531e-03 -1.398588e+00 -9.412557e-03 2.434824e-03 9.999527e-01 7.982217e+01
9.993916e-01 3.255800e-02 1.250716e-02 -6.916508e-01 -3.254182e-02 9.994693e-01 -1.494790e-03 -1.424212e+00 -1.254919e-02 1.086875e-03 9.999207e-01 8.101074e+01
9.993298e-01 3.276571e-02 1.632294e-02 -6.809888e-01 -3.271076e-02 9.994583e-01 -3.622375e-03 -1.446144e+00 -1.643279e-02 3.086011e-03 9.998602e-01 8.217899e+01
9.992620e-01 3.298908e-02 1.967841e-02 -6.641199e-01 -3.285774e-02 9.994358e-01 -6.960726e-03 -1.476515e+00 -1.989694e-02 6.309000e-03 9.997821e-01 8.334724e+01
9.992187e-01 3.216008e-02 2.297285e-02 -6.459178e-01 -3.192742e-02 9.994358e-01 -1.042359e-02 -1.514884e+00 -2.329511e-02 9.681982e-03 9.996817e-01 8.453945e+01
9.990993e-01 3.261131e-02 2.714796e-02 -6.337680e-01 -3.229661e-02 9.994069e-01 -1.195108e-02 -1.547436e+00 -2.752160e-02 1.106353e-02 9.995600e-01 8.570462e+01
9.989860e-01 3.293862e-02 3.069092e-02 -5.973927e-01 -3.263182e-02 9.994129e-01 -1.044448e-02 -1.583346e+00 -3.101693e-02 9.432384e-03 9.994744e-01 8.686365e+01
9.988125e-01 3.446721e-02 3.443360e-02 -5.698534e-01 -3.413081e-02 9.993642e-01 -1.031015e-02 -1.615196e+00 -3.476707e-02 9.122661e-03 9.993538e-01 8.803628e+01
9.986877e-01 3.441131e-02 3.793041e-02 -5.338498e-01 -3.394980e-02 9.993423e-01 -1.274513e-02 -1.650241e+00 -3.834404e-02 1.144068e-02 9.991991e-01 8.921040e+01
9.985497e-01 3.462269e-02 4.122933e-02 -4.991923e-01 -3.401011e-02 9.993018e-01 -1.546790e-02 -1.683992e+00 -4.173609e-02 1.404325e-02 9.990300e-01 9.037464e+01
9.983823e-01 3.545647e-02 4.444897e-02 -4.603064e-01 -3.477766e-02 9.992677e-01 -1.595338e-02 -1.716646e+00 -4.498207e-02 1.438174e-02 9.988843e-01 9.153739e+01
9.982973e-01 3.433128e-02 4.715842e-02 -4.055773e-01 -3.365806e-02 9.993209e-01 -1.499665e-02 -1.759139e+00 -4.764125e-02 1.338386e-02 9.987748e-01 9.272419e+01
9.981633e-01 3.416377e-02 5.002898e-02 -3.589812e-01 -3.351947e-02 9.993447e-01 -1.366161e-02 -1.802063e+00 -5.046292e-02 1.195957e-02 9.986543e-01 9.389931e+01
9.980360e-01 3.376663e-02 5.276339e-02 -3.005973e-01 -3.316761e-02 9.993755e-01 -1.218791e-02 -1.838699e+00 -5.314198e-02 1.041394e-02 9.985327e-01 9.508708e+01
9.979232e-01 3.300314e-02 5.531850e-02 -2.431035e-01 -3.243725e-02 9.994122e-01 -1.109674e-02 -1.880762e+00 -5.565220e-02 9.279318e-03 9.984071e-01 9.625855e+01
9.978564e-01 3.157751e-02 5.731974e-02 -1.677448e-01 -3.083612e-02 9.994296e-01 -1.377326e-02 -1.916525e+00 -5.772197e-02 1.197621e-02 9.982609e-01 9.745837e+01
9.977583e-01 3.063787e-02 5.949557e-02 -1.065218e-01 -2.962962e-02 9.994032e-01 -1.775563e-02 -1.942422e+00 -6.000406e-02 1.595299e-02 9.980706e-01 9.864560e+01
9.975914e-01 3.216060e-02 6.145816e-02 -4.471055e-02 -3.092979e-02 9.993036e-01 -2.087451e-02 -1.979208e+00 -6.208669e-02 1.892334e-02 9.978914e-01 9.981229e+01
9.974681e-01 3.259001e-02 6.320778e-02 1.781785e-02 -3.125118e-02 9.992682e-01 -2.205587e-02 -2.018481e+00 -6.388033e-02 2.002471e-02 9.977566e-01 1.010107e+02
9.974293e-01 3.324499e-02 6.347879e-02 8.719590e-02 -3.192405e-02 9.992545e-01 -2.171156e-02 -2.059753e+00 -6.415326e-02 1.962925e-02 9.977470e-01 1.022119e+02
9.974511e-01 3.377846e-02 6.285138e-02 1.539266e-01 -3.257329e-02 9.992672e-01 -2.010197e-02 -2.100997e+00 -6.348434e-02 1.800345e-02 9.978204e-01 1.034282e+02
9.975294e-01 3.359216e-02 6.169854e-02 2.171948e-01 -3.248836e-02 9.992951e-01 -1.880735e-02 -2.144390e+00 -6.228683e-02 1.675640e-02 9.979176e-01 1.046547e+02
9.976260e-01 3.461908e-02 5.952981e-02 2.997051e-01 -3.359341e-02 9.992709e-01 -1.814515e-02 -2.180045e+00 -6.011457e-02 1.610227e-02 9.980616e-01 1.059043e+02
9.977410e-01 3.552103e-02 5.701832e-02 3.673883e-01 -3.454902e-02 9.992419e-01 -1.794373e-02 -2.211954e+00 -5.761247e-02 1.593327e-02 9.982119e-01 1.071482e+02
9.978812e-01 3.630002e-02 5.399378e-02 4.223294e-01 -3.536617e-02 9.992096e-01 -1.815189e-02 -2.246440e+00 -5.461001e-02 1.620388e-02 9.983763e-01 1.083597e+02
9.980112e-01 3.812791e-02 5.019948e-02 4.674913e-01 -3.722729e-02 9.991308e-01 -1.875560e-02 -2.285325e+00 -5.087096e-02 1.684950e-02 9.985631e-01 1.095668e+02
9.981775e-01 3.878701e-02 4.623006e-02 5.234998e-01 -3.796772e-02 9.991082e-01 -1.847052e-02 -2.322838e+00 -4.690525e-02 1.668161e-02 9.987600e-01 1.108088e+02
9.983381e-01 3.928518e-02 4.216399e-02 5.680230e-01 -3.857200e-02 9.991009e-01 -1.759695e-02 -2.365717e+00 -4.281738e-02 1.594135e-02 9.989557e-01 1.120363e+02
9.984761e-01 4.001130e-02 3.800771e-02 6.025961e-01 -3.939276e-02 9.990811e-01 -1.688613e-02 -2.406107e+00 -3.864842e-02 1.536317e-02 9.991348e-01 1.132597e+02
9.986133e-01 4.048878e-02 3.364645e-02 6.301124e-01 -3.995854e-02 9.990686e-01 -1.628529e-02 -2.446624e+00 -3.427448e-02 1.491825e-02 9.993011e-01 1.144925e+02
9.987143e-01 4.172528e-02 2.878711e-02 6.642332e-01 -4.126971e-02 9.990160e-01 -1.624262e-02 -2.484586e+00 -2.943651e-02 1.503370e-02 9.994536e-01 1.157372e+02
9.987844e-01 4.308935e-02 2.393892e-02 6.809763e-01 -4.270603e-02 9.989547e-01 -1.629957e-02 -2.526215e+00 -2.461623e-02 1.525742e-02 9.995805e-01 1.170074e+02
9.988363e-01 4.433880e-02 1.897686e-02 6.941040e-01 -4.402445e-02 9.988913e-01 -1.667425e-02 -2.560873e+00 -1.969514e-02 1.581940e-02 9.996809e-01 1.182601e+02
9.988435e-01 4.595622e-02 1.412811e-02 7.108718e-01 -4.570689e-02 9.988017e-01 -1.749171e-02 -2.596274e+00 -1.491503e-02 1.682573e-02 9.997472e-01 1.195145e+02
9.987707e-01 4.844559e-02 1.049356e-02 7.158713e-01 -4.825590e-02 9.986794e-01 -1.763266e-02 -2.632306e+00 -1.133392e-02 1.710461e-02 9.997895e-01 1.207717e+02
9.986762e-01 5.072020e-02 8.562786e-03 7.056483e-01 -5.056151e-02 9.985618e-01 -1.782954e-02 -2.666702e+00 -9.454789e-03 1.737299e-02 9.998044e-01 1.220136e+02
9.985903e-01 5.256024e-02 7.410100e-03 7.064715e-01 -5.241782e-02 9.984583e-01 -1.825739e-02 -2.706945e+00 -8.358289e-03 1.784323e-02 9.998059e-01 1.232736e+02
9.984485e-01 5.532453e-02 6.306957e-03 7.024347e-01 -5.520357e-02 9.983135e-01 -1.796482e-02 -2.759921e+00 -7.290216e-03 1.758878e-02 9.998187e-01 1.245449e+02
9.983510e-01 5.715722e-02 5.330897e-03 7.041874e-01 -5.705627e-02 9.982180e-01 -1.747850e-02 -2.793440e+00 -6.320420e-03 1.714552e-02 9.998330e-01 1.258179e+02
9.983290e-01 5.759534e-02 4.686903e-03 7.046826e-01 -5.750707e-02 9.981972e-01 -1.718196e-02 -2.837927e+00 -5.668055e-03 1.688372e-02 9.998414e-01 1.270981e+02
9.980708e-01 6.196394e-02 3.887484e-03 6.966240e-01 -6.189752e-02 9.979644e-01 -1.535545e-02 -2.872851e+00 -4.831055e-03 1.508520e-02 9.998745e-01 1.283749e+02
9.979551e-01 6.383084e-02 3.346922e-03 6.902114e-01 -6.378572e-02 9.978891e-01 -1.219469e-02 -2.911414e+00 -4.118254e-03 1.195626e-02 9.999200e-01 1.296558e+02
9.979832e-01 6.342322e-02 2.635353e-03 6.891746e-01 -6.338518e-02 9.979093e-01 -1.262579e-02 -2.947809e+00 -3.430611e-03 1.243328e-02 9.999168e-01 1.309310e+02
9.979392e-01 6.413326e-02 2.060205e-03 6.734287e-01 -6.409724e-02 9.978403e-01 -1.436570e-02 -2.977800e+00 -2.977075e-03 1.420404e-02 9.998947e-01 1.322232e+02
9.980990e-01 6.161527e-02 1.384513e-03 6.633591e-01 -6.159156e-02 9.980132e-01 -1.327327e-02 -3.023847e+00 -2.199598e-03 1.316276e-02 9.999109e-01 1.335179e+02
9.982029e-01 5.992186e-02 6.297738e-04 6.537901e-01 -5.991074e-02 9.981380e-01 -1.145216e-02 -3.063370e+00 -1.314836e-03 1.139385e-02 9.999342e-01 1.348238e+02
9.984090e-01 5.638720e-02 1.217522e-04 6.555437e-01 -5.638338e-02 9.983622e-01 -9.681753e-03 -3.100493e+00 -6.674797e-04 9.659484e-03 9.999531e-01 1.361166e+02
9.984726e-01 5.524849e-02 -8.621420e-05 6.445287e-01 -5.524714e-02 9.984345e-01 -8.737096e-03 -3.135910e+00 -3.966322e-04 8.728515e-03 9.999618e-01 1.374049e+02
9.986325e-01 5.227884e-02 -8.363806e-05 6.449968e-01 -5.227664e-02 9.985731e-01 -1.090446e-02 -3.162390e+00 -4.865538e-04 1.089392e-02 9.999405e-01 1.386872e+02
9.987366e-01 5.025090e-02 -8.085422e-05 6.386081e-01 -5.024819e-02 9.986633e-01 -1.211066e-02 -3.194214e+00 -5.278254e-04 1.209942e-02 9.999267e-01 1.399743e+02
9.987739e-01 4.950471e-02 -7.829793e-06 6.356808e-01 -4.950097e-02 9.986965e-01 -1.245185e-02 -3.231667e+00 -6.086054e-04 1.243697e-02 9.999225e-01 1.412590e+02
9.987486e-01 5.001040e-02 3.708846e-04 6.310980e-01 -5.000205e-02 9.986732e-01 -1.231477e-02 -3.266508e+00 -9.862593e-04 1.228082e-02 9.999241e-01 1.425440e+02
9.986999e-01 5.096695e-02 9.745355e-04 6.258383e-01 -5.095375e-02 9.986445e-01 -1.062803e-02 -3.298241e+00 -1.514893e-03 1.056456e-02 9.999430e-01 1.438329e+02
9.985635e-01 5.355325e-02 1.752984e-03 6.179265e-01 -5.353502e-02 9.985238e-01 -9.174495e-03 -3.340436e+00 -2.241721e-03 9.067470e-03 9.999564e-01 1.451255e+02
9.985243e-01 5.426100e-02 2.241040e-03 6.135804e-01 -5.423254e-02 9.984650e-01 -1.124521e-02 -3.378679e+00 -2.847777e-03 1.110708e-02 9.999343e-01 1.464255e+02
9.984621e-01 5.538704e-02 2.389893e-03 6.117951e-01 -5.535055e-02 9.983783e-01 -1.330386e-02 -3.414094e+00 -3.122878e-03 1.315112e-02 9.999086e-01 1.477117e+02
9.984310e-01 5.590946e-02 3.095848e-03 5.997976e-01 -5.585319e-02 9.983111e-01 -1.598118e-02 -3.456179e+00 -3.984118e-03 1.578320e-02 9.998675e-01 1.490037e+02
9.984763e-01 5.507975e-02 3.359068e-03 5.924908e-01 -5.500100e-02 9.982816e-01 -2.021554e-02 -3.498892e+00 -4.466763e-03 1.999999e-02 9.997900e-01 1.502793e+02
9.984602e-01 5.536973e-02 3.382546e-03 5.926116e-01 -5.527257e-02 9.981804e-01 -2.410041e-02 -3.543290e+00 -4.710824e-03 2.387633e-02 9.997038e-01 1.515644e+02
9.984733e-01 5.509322e-02 3.969759e-03 5.728531e-01 -5.497408e-02 9.981593e-01 -2.560869e-02 -3.594975e+00 -5.373317e-03 2.535136e-02 9.996642e-01 1.528604e+02
9.984735e-01 5.510938e-02 3.704007e-03 5.713520e-01 -5.499749e-02 9.981606e-01 -2.550754e-02 -3.649996e+00 -5.102899e-03 2.526489e-02 9.996678e-01 1.541458e+02
9.983975e-01 5.647294e-02 3.639931e-03 5.610571e-01 -5.636376e-02 9.980920e-01 -2.520736e-02 -3.703797e+00 -5.056520e-03 2.496181e-02 9.996756e-01 1.554342e+02
9.983338e-01 5.758434e-02 3.683763e-03 5.470209e-01 -5.747844e-02 9.980514e-01 -2.428332e-02 -3.761555e+00 -5.074924e-03 2.403112e-02 9.996983e-01 1.567312e+02
9.982546e-01 5.896962e-02 3.220741e-03 5.474019e-01 -5.887764e-02 9.979863e-01 -2.359517e-02 -3.819812e+00 -4.605654e-03 2.336435e-02 9.997164e-01 1.580176e+02
9.982030e-01 5.986035e-02 2.732121e-03 5.397378e-01 -5.977734e-02 9.979201e-01 -2.412895e-02 -3.868333e+00 -4.170806e-03 2.392228e-02 9.997051e-01 1.592894e+02
9.981994e-01 5.995068e-02 1.986624e-03 5.304568e-01 -5.988560e-02 9.979143e-01 -2.409911e-02 -3.918480e+00 -3.427239e-03 2.393674e-02 9.997076e-01 1.605541e+02
9.982243e-01 5.954987e-02 1.416086e-03 5.218553e-01 -5.950166e-02 9.979632e-01 -2.300186e-02 -3.967870e+00 -2.782959e-03 2.287676e-02 9.997344e-01 1.618540e+02
9.981545e-01 6.071957e-02 7.980128e-04 5.131606e-01 -6.068539e-02 9.978939e-01 -2.291584e-02 -4.016925e+00 -2.187772e-03 2.282512e-02 9.997371e-01 1.631336e+02
9.981105e-01 6.144378e-02 1.383689e-04 5.012322e-01 -6.142233e-02 9.978168e-01 -2.426835e-02 -4.063139e+00 -1.629206e-03 2.421399e-02 9.997055e-01 1.644107e+02
9.980498e-01 6.241689e-02 -8.042634e-04 4.872464e-01 -6.241697e-02 9.977209e-01 -2.563599e-02 -4.116378e+00 -7.976884e-04 2.563620e-02 9.996710e-01 1.656912e+02
9.979568e-01 6.387421e-02 -1.488458e-03 4.723164e-01 -6.389132e-02 9.976192e-01 -2.595755e-02 -4.164065e+00 -1.731032e-04 2.599961e-02 9.996619e-01 1.669582e+02
9.979651e-01 6.373162e-02 -1.993222e-03 4.521139e-01 -6.376225e-02 9.975962e-01 -2.713447e-02 -4.218584e+00 2.591077e-04 2.720634e-02 9.996298e-01 1.682472e+02
9.979001e-01 6.474297e-02 -1.933122e-03 4.169486e-01 -6.477176e-02 9.974964e-01 -2.838380e-02 -4.271065e+00 9.063045e-05 2.844941e-02 9.995952e-01 1.695328e+02
9.978352e-01 6.571612e-02 -2.520192e-03 4.039533e-01 -6.576134e-02 9.974266e-01 -2.856085e-02 -4.319549e+00 6.367986e-04 2.866475e-02 9.995889e-01 1.708190e+02
9.977868e-01 6.642674e-02 -2.982422e-03 3.872169e-01 -6.648364e-02 9.974110e-01 -2.740799e-02 -4.374733e+00 1.154078e-03 2.754561e-02 9.996199e-01 1.721319e+02
9.977458e-01 6.700768e-02 -3.641868e-03 3.709784e-01 -6.708215e-02 9.973770e-01 -2.718686e-02 -4.428513e+00 1.810587e-03 2.736988e-02 9.996237e-01 1.734108e+02
9.976882e-01 6.782483e-02 -4.257022e-03 3.530535e-01 -6.791537e-02 9.973259e-01 -2.698992e-02 -4.480517e+00 2.415051e-03 2.721665e-02 9.996266e-01 1.746885e+02
9.976047e-01 6.899640e-02 -4.943507e-03 3.359059e-01 -6.910525e-02 9.972439e-01 -2.700299e-02 -4.529843e+00 3.066773e-03 2.727993e-02 9.996231e-01 1.759766e+02
9.975273e-01 7.007115e-02 -5.415471e-03 3.190388e-01 -7.019629e-02 9.971375e-01 -2.809522e-02 -4.582418e+00 3.431304e-03 2.840590e-02 9.995906e-01 1.772707e+02
9.974228e-01 7.149234e-02 -6.046716e-03 3.000738e-01 -7.163729e-02 9.970178e-01 -2.869885e-02 -4.637991e+00 3.976935e-03 2.905806e-02 9.995698e-01 1.785396e+02
9.974181e-01 7.155906e-02 -6.033121e-03 2.735834e-01 -7.170209e-02 9.970239e-01 -2.832111e-02 -4.696412e+00 3.988534e-03 2.868058e-02 9.995807e-01 1.798241e+02
9.973951e-01 7.186352e-02 -6.211764e-03 2.581579e-01 -7.201598e-02 9.969702e-01 -2.939515e-02 -4.762814e+00 4.080505e-03 2.976593e-02 9.995486e-01 1.811334e+02
9.974798e-01 7.066708e-02 -6.337314e-03 2.384290e-01 -7.083256e-02 9.969907e-01 -3.150002e-02 -4.814331e+00 4.092229e-03 3.186952e-02 9.994837e-01 1.824053e+02
9.976646e-01 6.798484e-02 -6.590063e-03 2.262743e-01 -6.816011e-02 9.971740e-01 -3.159586e-02 -4.873370e+00 4.423400e-03 3.197125e-02 9.994790e-01 1.836842e+02
9.975802e-01 6.919197e-02 -6.792290e-03 2.118961e-01 -6.935717e-02 9.971930e-01 -2.820769e-02 -4.930886e+00 4.821479e-03 2.861053e-02 9.995790e-01 1.849671e+02
9.975904e-01 6.907790e-02 -6.455405e-03 1.941115e-01 -6.921445e-02 9.973108e-01 -2.409341e-02 -4.987649e+00 4.773723e-03 2.448216e-02 9.996889e-01 1.862566e+02
9.974496e-01 7.106902e-02 -6.600129e-03 1.784749e-01 -7.121302e-02 9.971474e-01 -2.501730e-02 -5.037780e+00 4.803346e-03 2.542351e-02 9.996652e-01 1.875331e+02
9.973183e-01 7.287428e-02 -6.753513e-03 1.640179e-01 -7.303826e-02 9.969221e-01 -2.849172e-02 -5.087329e+00 4.656412e-03 2.890858e-02 9.995712e-01 1.887864e+02
9.972474e-01 7.381216e-02 -7.023141e-03 1.464029e-01 -7.399460e-02 9.967834e-01 -3.078242e-02 -5.139441e+00 4.728434e-03 3.121736e-02 9.995014e-01 1.900346e+02
9.971754e-01 7.476787e-02 -7.141525e-03 1.287774e-01 -7.495177e-02 9.967233e-01 -3.041085e-02 -5.207837e+00 4.844370e-03 3.086022e-02 9.995120e-01 1.912860e+02
9.971310e-01 7.537416e-02 -6.961313e-03 1.116529e-01 -7.554822e-02 9.967040e-01 -2.955530e-02 -5.263173e+00 4.710662e-03 2.999642e-02 9.995389e-01 1.925510e+02
9.970733e-01 7.613637e-02 -6.933862e-03 9.951732e-02 -7.630031e-02 9.967011e-01 -2.766083e-02 -5.325314e+00 4.804993e-03 2.810893e-02 9.995933e-01 1.938191e+02
9.970611e-01 7.643286e-02 -5.215253e-03 6.426642e-02 -7.654801e-02 9.966864e-01 -2.750811e-02 -5.371875e+00 3.095448e-03 2.782648e-02 9.996080e-01 1.950920e+02
9.970023e-01 7.728792e-02 -3.597725e-03 4.779760e-02 -7.735894e-02 9.966022e-01 -2.827711e-02 -5.437793e+00 1.400022e-03 2.847066e-02 9.995936e-01 1.963982e+02
9.970328e-01 7.695109e-02 -2.029734e-03 3.212888e-02 -7.697732e-02 9.965807e-01 -3.002385e-02 -5.500659e+00 -2.875747e-04 3.009100e-02 9.995471e-01 1.976847e+02
9.970040e-01 7.734357e-02 -1.000928e-03 2.116758e-02 -7.733632e-02 9.965000e-01 -3.173189e-02 -5.563277e+00 -1.456833e-03 3.171423e-02 9.994959e-01 1.989300e+02
9.970020e-01 7.737463e-02 3.237125e-04 1.215665e-02 -7.732177e-02 9.964590e-01 -3.302643e-02 -5.614051e+00 -2.877974e-03 3.290238e-02 9.994544e-01 2.001601e+02
9.969792e-01 7.765674e-02 1.372540e-03 7.380534e-03 -7.757020e-02 9.964477e-01 -3.278624e-02 -5.669595e+00 -3.913737e-03 3.258073e-02 9.994614e-01 2.013852e+02
9.969788e-01 7.762997e-02 2.630896e-03 7.880251e-03 -7.751117e-02 9.965067e-01 -3.108832e-02 -5.731815e+00 -5.035091e-03 3.079047e-02 9.995132e-01 2.026135e+02
9.968674e-01 7.899851e-02 3.812723e-03 2.229780e-03 -7.884306e-02 9.964038e-01 -3.103719e-02 -5.790164e+00 -6.250903e-03 3.063936e-02 9.995110e-01 2.038418e+02
9.968492e-01 7.915843e-02 5.057446e-03 -2.454215e-03 -7.896148e-02 9.963804e-01 -3.148203e-02 -5.842806e+00 -7.531208e-03 3.098350e-02 9.994915e-01 2.050671e+02
9.967877e-01 7.984930e-02 6.200479e-03 -1.102676e-02 -7.961661e-02 9.963281e-01 -3.148878e-02 -5.908995e+00 -8.692068e-03 3.089397e-02 9.994849e-01 2.062791e+02
9.967423e-01 8.033311e-02 7.162867e-03 -1.138233e-02 -8.007192e-02 9.962962e-01 -3.134251e-02 -5.973494e+00 -9.654179e-03 3.066686e-02 9.994830e-01 2.074879e+02
9.966778e-01 8.104523e-02 8.064310e-03 -1.544233e-02 -8.074970e-02 9.962223e-01 -3.194731e-02 -6.028952e+00 -1.062302e-02 3.118999e-02 9.994570e-01 2.086903e+02
9.966437e-01 8.137302e-02 8.930112e-03 -1.826751e-02 -8.104857e-02 9.961930e-01 -3.210296e-02 -6.090284e+00 -1.150843e-02 3.127144e-02 9.994447e-01 2.098703e+02
9.966779e-01 8.086839e-02 9.663576e-03 -2.157359e-02 -8.052019e-02 9.962331e-01 -3.218997e-02 -6.156203e+00 -1.223032e-02 3.130492e-02 9.994351e-01 2.110542e+02
9.966372e-01 8.134406e-02 9.875545e-03 -1.832199e-02 -8.099883e-02 9.962195e-01 -3.139965e-02 -6.222786e+00 -1.239238e-02 3.049415e-02 9.994581e-01 2.122246e+02
9.966414e-01 8.132841e-02 9.576011e-03 -1.486377e-02 -8.100432e-02 9.962499e-01 -3.040497e-02 -6.287161e+00 -1.201289e-02 2.952715e-02 9.994918e-01 2.133880e+02
9.965715e-01 8.227066e-02 8.765068e-03 -9.816618e-03 -8.196846e-02 9.961664e-01 -3.055742e-02 -6.346505e+00 -1.124544e-02 2.973420e-02 9.994946e-01 2.145181e+02
9.965026e-01 8.313495e-02 8.433896e-03 -1.599901e-02 -8.283208e-02 9.960661e-01 -3.148243e-02 -6.407561e+00 -1.101801e-02 3.067373e-02 9.994687e-01 2.156469e+02
9.964685e-01 8.360792e-02 7.758500e-03 -1.136075e-02 -8.331621e-02 9.959969e-01 -3.238292e-02 -6.463419e+00 -1.043491e-02 3.162216e-02 9.994454e-01 2.167432e+02
9.964430e-01 8.395376e-02 7.287470e-03 -1.973026e-02 -8.367392e-02 9.959575e-01 -3.267024e-02 -6.521921e+00 -1.000080e-02 3.194426e-02 9.994396e-01 2.178328e+02
9.964530e-01 8.393249e-02 6.055214e-03 -2.304918e-02 -8.369390e-02 9.959625e-01 -3.246453e-02 -6.579898e+00 -8.755595e-03 3.184259e-02 9.994545e-01 2.189097e+02
9.964761e-01 8.373658e-02 4.861298e-03 -3.191036e-02 -8.354299e-02 9.960044e-01 -3.155747e-02 -6.639113e+00 -7.484388e-03 3.104013e-02 9.994901e-01 2.199954e+02
9.965458e-01 8.299274e-02 2.945885e-03 -3.299115e-02 -8.286862e-02 9.961141e-01 -2.982529e-02 -6.695167e+00 -5.409720e-03 2.947814e-02 9.995508e-01 2.210455e+02
9.964885e-01 8.372523e-02 8.885699e-04 -3.860006e-02 -8.366757e-02 9.960996e-01 -2.802338e-02 -6.748688e+00 -3.231368e-03 2.785063e-02 9.996069e-01 2.220853e+02
9.964604e-01 8.404893e-02 -1.589878e-03 -5.041955e-02 -8.406044e-02 9.960671e-01 -2.800363e-02 -6.797048e+00 -7.700498e-04 2.803815e-02 9.996066e-01 2.231011e+02
9.963914e-01 8.476388e-02 -4.383774e-03 -6.122584e-02 -8.485407e-02 9.959957e-01 -2.814932e-02 -6.853057e+00 1.980174e-03 2.841972e-02 9.995941e-01 2.241060e+02
9.963234e-01 8.536983e-02 -7.188029e-03 -7.435054e-02 -8.553844e-02 9.959452e-01 -2.786334e-02 -6.902447e+00 4.780194e-03 2.837575e-02 9.995859e-01 2.250961e+02
9.962037e-01 8.647603e-02 -1.000539e-02 -9.355711e-02 -8.671961e-02 9.958610e-01 -2.721421e-02 -6.948617e+00 7.610597e-03 2.797856e-02 9.995796e-01 2.260484e+02
9.960724e-01 8.759916e-02 -1.288899e-02 -1.159618e-01 -8.792597e-02 9.957485e-01 -2.745743e-02 -6.993512e+00 1.042894e-02 2.848287e-02 9.995399e-01 2.269772e+02
9.959972e-01 8.795697e-02 -1.591077e-02 -1.385324e-01 -8.837511e-02 9.956985e-01 -2.782607e-02 -7.038530e+00 1.339483e-02 2.912080e-02 9.994861e-01 2.278861e+02
9.959241e-01 8.820934e-02 -1.882251e-02 -1.676166e-01 -8.872218e-02 9.956510e-01 -2.841529e-02 -7.080798e+00 1.623416e-02 2.996945e-02 9.994190e-01 2.287670e+02
9.957158e-01 8.991059e-02 -2.158782e-02 -2.003077e-01 -9.050657e-02 9.954900e-01 -2.842952e-02 -7.124201e+00 1.893434e-02 3.026157e-02 9.993627e-01 2.296282e+02
9.955813e-01 9.062059e-02 -2.461092e-02 -2.264228e-01 -9.131678e-02 9.954050e-01 -2.881188e-02 -7.169782e+00 2.188689e-02 3.093196e-02 9.992818e-01 2.304809e+02
9.953250e-01 9.284782e-02 -2.659866e-02 -2.629611e-01 -9.360565e-02 9.951921e-01 -2.882201e-02 -7.207896e+00 2.379472e-02 3.117705e-02 9.992306e-01 2.313001e+02
9.951818e-01 9.417253e-02 -2.728984e-02 -2.929577e-01 -9.494201e-02 9.950770e-01 -2.842242e-02 -7.244028e+00 2.447888e-02 3.087643e-02 9.992234e-01 2.321026e+02
9.951599e-01 9.452779e-02 -2.685542e-02 -3.218039e-01 -9.526160e-02 9.950723e-01 -2.750043e-02 -7.284011e+00 2.412353e-02 2.992561e-02 9.992610e-01 2.328895e+02
9.951644e-01 9.468759e-02 -2.611826e-02 -3.496100e-01 -9.538030e-02 9.950831e-01 -2.668870e-02 -7.323543e+00 2.346275e-02 2.905081e-02 9.993025e-01 2.336564e+02
9.952146e-01 9.428911e-02 -2.564242e-02 -3.766830e-01 -9.498208e-02 9.951046e-01 -2.729931e-02 -7.358711e+00 2.294286e-02 2.960424e-02 9.992984e-01 2.344027e+02
9.951459e-01 9.506668e-02 -2.543468e-02 -4.031174e-01 -9.580499e-02 9.949605e-01 -2.957964e-02 -7.392158e+00 2.249446e-02 3.187283e-02 9.992388e-01 2.351432e+02
9.951322e-01 9.537097e-02 -2.482670e-02 -4.239697e-01 -9.613863e-02 9.948593e-01 -3.181825e-02 -7.430799e+00 2.166454e-02 3.405017e-02 9.991853e-01 2.358799e+02
9.951272e-01 9.567692e-02 -2.382728e-02 -4.437488e-01 -9.644022e-02 9.947829e-01 -3.326123e-02 -7.471460e+00 2.052064e-02 3.539706e-02 9.991626e-01 2.366115e+02
9.950716e-01 9.658964e-02 -2.242486e-02 -4.666947e-01 -9.731741e-02 9.946719e-01 -3.401542e-02 -7.510266e+00 1.901984e-02 3.603011e-02 9.991697e-01 2.373345e+02
9.951370e-01 9.624901e-02 -2.094103e-02 -4.784795e-01 -9.692941e-02 9.946984e-01 -3.434936e-02 -7.551525e+00 1.752392e-02 3.621212e-02 9.991905e-01 2.380747e+02
9.951140e-01 9.682957e-02 -1.928918e-02 -4.925253e-01 -9.745865e-02 9.946276e-01 -3.489512e-02 -7.585826e+00 1.580668e-02 3.660453e-02 9.992048e-01 2.388007e+02
9.951043e-01 9.732572e-02 -1.717930e-02 -5.100169e-01 -9.788483e-02 9.945668e-01 -3.543107e-02 -7.622283e+00 1.363761e-02 3.693920e-02 9.992245e-01 2.395117e+02
9.951138e-01 9.757447e-02 -1.508983e-02 -5.239067e-01 -9.806476e-02 9.945232e-01 -3.615202e-02 -7.659250e+00 1.147967e-02 3.745516e-02 9.992324e-01 2.402296e+02
9.951247e-01 9.785916e-02 -1.226122e-02 -5.367155e-01 -9.824278e-02 9.945095e-01 -3.604583e-02 -7.699156e+00 8.666483e-03 3.707467e-02 9.992749e-01 2.409432e+02
9.951925e-01 9.752291e-02 -9.014745e-03 -5.458195e-01 -9.778661e-02 9.945563e-01 -3.599386e-02 -7.734947e+00 5.455445e-03 3.670234e-02 9.993114e-01 2.416522e+02
9.952832e-01 9.683626e-02 -5.839054e-03 -5.560794e-01 -9.698478e-02 9.946280e-01 -3.618251e-02 -7.772789e+00 2.303907e-03 3.657814e-02 9.993281e-01 2.423449e+02
9.953013e-01 9.678414e-02 -2.841975e-03 -5.605938e-01 -9.682326e-02 9.946313e-01 -3.652285e-02 -7.812872e+00 -7.081154e-04 3.662641e-02 9.993288e-01 2.430463e+02
9.953619e-01 9.620088e-02 -2.369057e-05 -5.636791e-01 -9.613557e-02 9.946771e-01 -3.708784e-02 -7.853844e+00 -3.544318e-03 3.691810e-02 9.993120e-01 2.437361e+02
9.953446e-01 9.633017e-02 3.086697e-03 -5.681552e-01 -9.614536e-02 9.946477e-01 -3.784298e-02 -7.891355e+00 -6.715596e-03 3.737003e-02 9.992789e-01 2.444318e+02
9.951972e-01 9.767774e-02 6.456358e-03 -5.738750e-01 -9.735254e-02 9.944767e-01 -3.922549e-02 -7.927239e+00 -1.025215e-02 3.840855e-02 9.992095e-01 2.451238e+02
9.950891e-01 9.852674e-02 9.499851e-03 -5.727936e-01 -9.806436e-02 9.943463e-01 -4.072948e-02 -7.960224e+00 -1.345908e-02 3.959786e-02 9.991250e-01 2.458315e+02
9.949883e-01 9.920385e-02 1.252426e-02 -5.681955e-01 -9.862938e-02 9.943094e-01 -4.026136e-02 -7.997690e+00 -1.644707e-02 3.882432e-02 9.991107e-01 2.465329e+02
9.948913e-01 9.975321e-02 1.551224e-02 -5.647994e-01 -9.905623e-02 9.942533e-01 -4.059873e-02 -8.032683e+00 -1.947295e-02 3.885474e-02 9.990551e-01 2.472351e+02
9.948412e-01 9.988550e-02 1.771820e-02 -5.541776e-01 -9.908777e-02 9.942214e-01 -4.129719e-02 -8.070466e+00 -2.174081e-02 3.932849e-02 9.989898e-01 2.479396e+02
9.947793e-01 1.000285e-01 2.021021e-02 -5.471369e-01 -9.908523e-02 9.941383e-01 -4.325652e-02 -8.111799e+00 -2.441862e-02 4.102815e-02 9.988596e-01 2.486454e+02
9.946763e-01 1.007559e-01 2.161883e-02 -5.321279e-01 -9.968591e-02 9.939600e-01 -4.589293e-02 -8.152599e+00 -2.611223e-02 4.349351e-02 9.987124e-01 2.493614e+02
9.947276e-01 1.000560e-01 2.249216e-02 -5.201402e-01 -9.889823e-02 9.939513e-01 -4.774908e-02 -8.193069e+00 -2.713369e-02 4.527289e-02 9.986061e-01 2.500736e+02
9.946614e-01 1.007053e-01 2.252156e-02 -5.076831e-01 -9.952985e-02 9.938601e-01 -4.833056e-02 -8.235011e+00 -2.725042e-02 4.583097e-02 9.985775e-01 2.507910e+02
9.947057e-01 1.002380e-01 2.264666e-02 -4.952806e-01 -9.903969e-02 9.938778e-01 -4.897051e-02 -8.281249e+00 -2.741672e-02 4.646833e-02 9.985434e-01 2.515108e+02
9.945538e-01 1.017061e-01 2.277318e-02 -4.854243e-01 -1.004847e-01 9.937042e-01 -4.954605e-02 -8.325872e+00 -2.766894e-02 4.698786e-02 9.985122e-01 2.522467e+02
9.944032e-01 1.031043e-01 2.305947e-02 -4.750112e-01 -1.018471e-01 9.935275e-01 -5.030168e-02 -8.370525e+00 -2.809654e-02 4.767161e-02 9.984678e-01 2.529855e+02
9.944643e-01 1.024947e-01 2.314493e-02 -4.651351e-01 -1.011757e-01 9.934899e-01 -5.235743e-02 -8.418139e+00 -2.836061e-02 4.972589e-02 9.983602e-01 2.537241e+02
9.947873e-01 9.928843e-02 2.323917e-02 -4.444700e-01 -9.790280e-02 9.936946e-01 -5.464523e-02 -8.468911e+00 -2.851827e-02 5.208520e-02 9.982354e-01 2.544740e+02
9.950891e-01 9.612225e-02 2.362541e-02 -4.253764e-01 -9.468574e-02 9.939404e-01 -5.583128e-02 -8.514420e+00 -2.884888e-02 5.332011e-02 9.981607e-01 2.552408e+02
9.947510e-01 9.932549e-02 2.459421e-02 -4.157211e-01 -9.794467e-02 9.938264e-01 -5.211531e-02 -8.561734e+00 -2.961876e-02 4.943289e-02 9.983382e-01 2.560137e+02
9.943166e-01 1.033299e-01 2.564159e-02 -4.063545e-01 -1.020717e-01 9.936990e-01 -4.630008e-02 -8.608132e+00 -3.026421e-02 4.341966e-02 9.985984e-01 2.567954e+02
9.943179e-01 1.030116e-01 2.684135e-02 -3.898942e-01 -1.018053e-01 9.938751e-01 -4.298686e-02 -8.659719e+00 -3.110510e-02 4.001001e-02 9.987150e-01 2.575892e+02
9.943273e-01 1.023983e-01 2.877013e-02 -3.668783e-01 -1.010342e-01 9.938452e-01 -4.542971e-02 -8.708430e+00 -3.324498e-02 4.226524e-02 9.985532e-01 2.583795e+02
9.940251e-01 1.042578e-01 3.231767e-02 -3.488168e-01 -1.024870e-01 9.933578e-01 -5.231294e-02 -8.752018e+00 -3.755704e-02 4.868823e-02 9.981077e-01 2.591735e+02
9.936079e-01 1.071105e-01 3.564554e-02 -3.280872e-01 -1.050067e-01 9.928695e-01 -5.642387e-02 -8.799435e+00 -4.143496e-02 5.232019e-02 9.977704e-01 2.599722e+02
9.932701e-01 1.091230e-01 3.881538e-02 -3.021703e-01 -1.068387e-01 9.926567e-01 -5.672927e-02 -8.855398e+00 -4.472081e-02 5.220051e-02 9.976348e-01 2.607953e+02
9.932829e-01 1.077597e-01 4.215250e-02 -2.674006e-01 -1.053860e-01 9.929102e-01 -5.498257e-02 -8.910533e+00 -4.777856e-02 5.017097e-02 9.975972e-01 2.616316e+02
9.934499e-01 1.048592e-01 4.540746e-02 -2.268296e-01 -1.024569e-01 9.933590e-01 -5.234886e-02 -8.965849e+00 -5.059518e-02 4.735366e-02 9.975960e-01 2.624740e+02
9.934779e-01 1.032976e-01 4.828418e-02 -1.867895e-01 -1.008239e-01 9.935893e-01 -5.113619e-02 -9.019873e+00 -5.325689e-02 4.593447e-02 9.975238e-01 2.633121e+02
9.932713e-01 1.037860e-01 5.138647e-02 -1.494649e-01 -1.011686e-01 9.935529e-01 -5.116238e-02 -9.073987e+00 -5.636512e-02 4.561943e-02 9.973675e-01 2.641557e+02
9.928782e-01 1.063397e-01 5.370984e-02 -1.135586e-01 -1.034737e-01 9.931873e-01 -5.359301e-02 -9.133459e+00 -5.904300e-02 4.765378e-02 9.971174e-01 2.649955e+02
9.926740e-01 1.071954e-01 5.574421e-02 -6.955849e-02 -1.040816e-01 9.929880e-01 -5.605265e-02 -9.194358e+00 -6.136192e-02 4.984006e-02 9.968704e-01 2.658390e+02
9.924233e-01 1.081887e-01 5.823358e-02 -2.415052e-02 -1.049137e-01 9.928672e-01 -5.663710e-02 -9.253535e+00 -6.394570e-02 5.009848e-02 9.966951e-01 2.666924e+02
9.921273e-01 1.091796e-01 6.134555e-02 2.139318e-02 -1.058574e-01 9.928575e-01 -5.502884e-02 -9.314178e+00 -6.691541e-02 4.810173e-02 9.965985e-01 2.675443e+02
9.917470e-01 1.108008e-01 6.450633e-02 7.821211e-02 -1.074154e-01 9.927583e-01 -5.378518e-02 -9.380007e+00 -6.999863e-02 4.641232e-02 9.964668e-01 2.684186e+02
9.914422e-01 1.118967e-01 6.724175e-02 1.302604e-01 -1.083488e-01 9.926295e-01 -5.428782e-02 -9.440830e+00 -7.282077e-02 4.653768e-02 9.962587e-01 2.692748e+02
9.911441e-01 1.130581e-01 6.965028e-02 1.929044e-01 -1.093247e-01 9.924679e-01 -5.527699e-02 -9.497032e+00 -7.537518e-02 4.717297e-02 9.960388e-01 2.701395e+02
9.911260e-01 1.116199e-01 7.218137e-02 2.512471e-01 -1.077053e-01 9.926025e-01 -5.603467e-02 -9.557070e+00 -7.790200e-02 4.776310e-02 9.958162e-01 2.709921e+02
9.913552e-01 1.083032e-01 7.406274e-02 3.154944e-01 -1.043257e-01 9.929863e-01 -5.562618e-02 -9.617183e+00 -7.956779e-02 4.741866e-02 9.957010e-01 2.718448e+02
9.913933e-01 1.074606e-01 7.477646e-02 3.783553e-01 -1.034226e-01 9.930634e-01 -5.593583e-02 -9.675289e+00 -8.026866e-02 4.772083e-02 9.956303e-01 2.726983e+02
9.914170e-01 1.068215e-01 7.537600e-02 4.361678e-01 -1.027399e-01 9.931247e-01 -5.610509e-02 -9.738384e+00 -8.085100e-02 4.787942e-02 9.955756e-01 2.735506e+02
