1.000000e+00 9.043683e-12 2.326809e-11 1.110223e-16 9.043683e-12 1.000000e+00 2.392370e-10 2.220446e-16 2.326810e-11 2.392370e-10 9.999999e-01 -2.220446e-16
9.990479e-01 1.480460e-04 4.362615e-02 4.859642e-02 -4.380697e-05 9.999971e-01 -2.390317e-03 -2.038298e-02 -4.362638e-02 2.386130e-03 9.990451e-01 1.006302e+00
9.960378e-01 -5.402194e-03 8.876715e-02 1.418296e-01 6.078552e-03 9.999545e-01 -7.350912e-03 -3.502746e-02 -8.872340e-02 7.861361e-03 9.960253e-01 2.047747e+00
9.908781e-01 -4.069292e-03 1.347001e-01 2.644031e-01 5.610455e-03 9.999231e-01 -1.106382e-02 -5.122749e-02 -1.346447e-01 1.171863e-02 9.908246e-01 3.141158e+00
9.834843e-01 -1.158892e-03 1.809899e-01 4.324575e-01 3.648460e-03 9.999033e-01 -1.342298e-02 -7.460454e-02 -1.809568e-01 1.386162e-02 9.833934e-01 4.234938e+00
9.744380e-01 -7.603074e-03 2.245280e-01 6.889778e-01 1.120965e-02 9.998277e-01 -1.479256e-02 -1.012998e-01 -2.243769e-01 1.693131e-02 9.743554e-01 5.055847e+00
9.628900e-01 -7.622730e-03 2.697865e-01 9.831097e-01 1.231738e-02 9.998007e-01 -1.571268e-02 -1.355004e-01 -2.696130e-01 1.845265e-02 9.627919e-01 6.158620e+00
9.492903e-01 -9.279675e-03 3.142640e-01 1.312500e+00 1.578856e-02 9.997102e-01 -1.817243e-02 -1.816362e-01 -3.140043e-01 2.221269e-02 9.491617e-01 7.242957e+00
9.339564e-01 -1.021491e-02 3.572409e-01 1.716952e+00 1.836160e-02 9.996428e-01 -1.942017e-02 -2.465051e-01 -3.569149e-01 2.469710e-02 9.338104e-01 8.456120e+00
9.168061e-01 -9.237407e-03 3.992258e-01 2.172339e+00 1.873935e-02 9.996263e-01 -1.990451e-02 -2.892176e-01 -3.988927e-01 2.572981e-02 9.166365e-01 9.443773e+00
8.975193e-01 -9.442873e-03 4.408741e-01 2.636808e+00 1.955022e-02 9.996398e-01 -1.838898e-02 -3.208654e-01 -4.405417e-01 2.512365e-02 8.973805e-01 1.033647e+01
8.760052e-01 -1.008310e-02 4.821962e-01 3.128720e+00 2.177033e-02 9.995891e-01 -1.864794e-02 -3.358872e-01 -4.818101e-01 2.683327e-02 8.758647e-01 1.121539e+01
8.527662e-01 -9.918840e-03 5.221987e-01 3.678664e+00 2.247003e-02 9.995907e-01 -1.770763e-02 -3.621502e-01 -5.218093e-01 2.683428e-02 8.526400e-01 1.210392e+01
8.267826e-01 -8.778045e-03 5.624531e-01 4.238343e+00 2.242483e-02 9.995977e-01 -1.736314e-02 -3.921972e-01 -5.620744e-01 2.696846e-02 8.266469e-01 1.300227e+01
7.996465e-01 -9.958779e-03 6.003884e-01 4.886895e+00 2.512288e-02 9.995418e-01 -1.688109e-02 -4.251701e-01 -5.999452e-01 2.858239e-02 7.995303e-01 1.384585e+01
7.711715e-01 -8.318031e-03 6.365731e-01 5.557060e+00 2.488312e-02 9.995444e-01 -1.708352e-02 -4.627051e-01 -6.361409e-01 2.901425e-02 7.710272e-01 1.465286e+01
7.408684e-01 -1.374217e-02 6.715096e-01 6.249881e+00 3.161135e-02 9.993962e-01 -1.442418e-02 -4.982928e-01 -6.709059e-01 3.191374e-02 7.408555e-01 1.540222e+01
7.080608e-01 -1.175071e-02 7.060537e-01 6.942686e+00 3.041047e-02 9.994413e-01 -1.386342e-02 -5.216990e-01 -7.054963e-01 3.128757e-02 7.080226e-01 1.612964e+01
6.736231e-01 -9.766172e-03 7.390105e-01 7.765711e+00 3.105798e-02 9.994035e-01 -1.510267e-02 -5.322280e-01 -7.384222e-01 3.312568e-02 6.735246e-01 1.693108e+01
6.373967e-01 -1.057150e-02 7.704633e-01 8.553014e+00 3.443124e-02 9.992979e-01 -1.477330e-02 -5.761470e-01 -7.697662e-01 3.594446e-02 6.373132e-01 1.761334e+01
6.008042e-01 -8.373701e-03 7.993523e-01 9.462578e+00 3.349883e-02 9.993305e-01 -1.470959e-02 -6.170483e-01 -7.986940e-01 3.561495e-02 6.006825e-01 1.830173e+01
5.634923e-01 -6.974747e-03 8.260919e-01 1.041122e+01 3.564706e-02 9.992383e-01 -1.587888e-02 -6.681351e-01 -8.253519e-01 3.839538e-02 5.633117e-01 1.889200e+01
5.247707e-01 -5.217228e-03 8.512276e-01 1.141683e+01 3.916170e-02 9.990704e-01 -1.801931e-02 -7.446340e-01 -8.503423e-01 4.279153e-02 5.244872e-01 1.951020e+01
4.859331e-01 -3.613284e-03 8.739886e-01 1.247175e+01 3.980154e-02 9.990455e-01 -1.799915e-02 -7.679291e-01 -8.730893e-01 4.353247e-02 4.856131e-01 2.009090e+01
4.478282e-01 -5.052434e-03 8.941054e-01 1.352420e+01 4.529133e-02 9.988285e-01 -1.704074e-02 -7.686700e-01 -8.929718e-01 4.812654e-02 4.475323e-01 2.060898e+01
4.109397e-01 -5.311615e-03 9.116471e-01 1.449710e+01 4.782461e-02 9.987317e-01 -1.573871e-02 -7.915767e-01 -9.104073e-01 5.006682e-02 4.106725e-01 2.104993e+01
3.761178e-01 -2.127953e-03 9.265694e-01 1.550074e+01 4.925237e-02 9.986295e-01 -1.769933e-02 -7.714048e-01 -9.252619e-01 5.229278e-02 3.757071e-01 2.143406e+01
3.423543e-01 -2.783839e-03 9.395668e-01 1.666004e+01 5.043334e-02 9.986084e-01 -1.541786e-02 -8.001155e-01 -9.382164e-01 5.266387e-02 3.420183e-01 2.191565e+01
3.099921e-01 -4.279307e-03 9.507295e-01 1.783497e+01 5.304982e-02 9.985098e-01 -1.280290e-02 -8.115853e-01 -9.492579e-01 5.440483e-02 3.097571e-01 2.225906e+01
2.779983e-01 -4.194999e-03 9.605724e-01 1.891740e+01 5.407401e-02 9.984731e-01 -1.128898e-02 -8.264703e-01 -9.590584e-01 5.508032e-02 2.778006e-01 2.251908e+01
2.467269e-01 -8.408142e-04 9.690847e-01 2.009613e+01 5.274073e-02 9.985292e-01 -1.256132e-02 -8.191315e-01 -9.676488e-01 5.420945e-02 2.464083e-01 2.278012e+01
2.166321e-01 4.923039e-04 9.762532e-01 2.124231e+01 5.266382e-02 9.985379e-01 -1.218972e-02 -8.574105e-01 -9.748318e-01 5.405390e-02 2.162894e-01 2.299372e+01
1.868039e-01 6.455404e-04 9.823970e-01 2.246315e+01 5.459912e-02 9.984473e-01 -1.103817e-02 -8.863175e-01 -9.808788e-01 5.569999e-02 1.864786e-01 2.319213e+01
1.570492e-01 4.624392e-04 9.875907e-01 2.372163e+01 5.584384e-02 9.983958e-01 -9.347928e-03 -8.933123e-01 -9.860107e-01 5.661894e-02 1.567714e-01 2.332114e+01
1.272049e-01 -1.067243e-03 9.918759e-01 2.490555e+01 5.298146e-02 9.985791e-01 -5.720246e-03 -9.512694e-01 -9.904604e-01 5.327868e-02 1.270807e-01 2.344717e+01
9.805086e-02 -1.645556e-03 9.951800e-01 2.612825e+01 5.331586e-02 9.985712e-01 -3.601822e-03 -9.758477e-01 -9.937522e-01 5.341205e-02 9.799850e-02 2.355053e+01
7.158047e-02 -1.414151e-03 9.974338e-01 2.742337e+01 5.652292e-02 9.983978e-01 -2.640829e-03 -9.899671e-01 -9.958320e-01 5.656691e-02 7.154572e-02 2.359399e+01
4.668779e-02 -1.178591e-03 9.989088e-01 2.870806e+01 6.023535e-02 9.981829e-01 -1.637593e-03 -1.007736e+00 -9.970917e-01 6.024608e-02 4.667395e-02 2.362453e+01
2.411539e-02 -1.165104e-03 9.997085e-01 2.995255e+01 6.394883e-02 9.979531e-01 -3.795426e-04 -1.026764e+00 -9.976618e-01 6.393934e-02 2.414054e-02 2.365406e+01
4.504360e-03 -1.527564e-03 9.999887e-01 3.131197e+01 6.923209e-02 9.975998e-01 1.212065e-03 -1.036160e+00 -9.975904e-01 6.922584e-02 4.599305e-03 2.357816e+01
-1.269790e-02 -2.308930e-03 9.999167e-01 3.268321e+01 7.321919e-02 9.973106e-01 3.232719e-03 -1.043264e+00 -9.972350e-01 7.325414e-02 -1.249469e-02 2.349740e+01
-2.845500e-02 -2.472379e-03 9.995920e-01 3.399547e+01 7.591385e-02 9.971036e-01 4.627235e-03 -1.051301e+00 -9.967083e-01 7.601455e-02 -2.818489e-02 2.346853e+01
-4.280249e-02 -3.403462e-03 9.990778e-01 3.530320e+01 7.816849e-02 9.969173e-01 6.744998e-03 -1.065019e+00 -9.960209e-01 7.838511e-02 -4.240450e-02 2.340022e+01
-5.635232e-02 -4.731220e-03 9.983997e-01 3.661480e+01 7.713827e-02 9.969791e-01 9.078376e-03 -1.061871e+00 -9.954266e-01 7.752642e-02 -5.581712e-02 2.333536e+01
-6.848414e-02 -4.897462e-03 9.976402e-01 3.792376e+01 7.662891e-02 9.970080e-01 1.015464e-02 -1.079012e+00 -9.947049e-01 7.714351e-02 -6.790395e-02 2.323631e+01
-7.926088e-02 -2.172804e-03 9.968515e-01 3.921589e+01 7.672147e-02 9.970182e-01 8.273385e-03 -1.078745e+00 -9.938971e-01 7.713567e-02 -7.885785e-02 2.311581e+01
-8.909736e-02 1.141003e-03 9.960223e-01 4.056184e+01 7.677384e-02 9.970321e-01 5.725505e-03 -1.074631e+00 -9.930596e-01 7.697858e-02 -8.892053e-02 2.296493e+01
-9.803871e-02 3.542713e-03 9.951763e-01 4.193895e+01 7.818249e-02 9.969304e-01 4.153106e-03 -1.082138e+00 -9.921068e-01 7.821253e-02 -9.801475e-02 2.278631e+01
-1.057252e-01 4.489260e-03 9.943853e-01 4.328724e+01 7.731549e-02 9.969997e-01 3.719288e-03 -1.079086e+00 -9.913851e-01 7.727460e-02 -1.057551e-01 2.265438e+01
-1.115515e-01 4.852751e-03 9.937468e-01 4.462496e+01 7.704637e-02 9.970203e-01 3.779982e-03 -1.091382e+00 -9.907674e-01 7.698625e-02 -1.115930e-01 2.251721e+01
-1.163666e-01 6.160859e-03 9.931872e-01 4.602264e+01 7.775827e-02 9.969679e-01 2.926220e-03 -1.095674e+00 -9.901578e-01 7.756903e-02 -1.164928e-01 2.233116e+01
-1.216319e-01 7.766849e-03 9.925449e-01 4.740294e+01 7.489110e-02 9.971908e-01 1.374364e-03 -1.077929e+00 -9.897459e-01 7.449994e-02 -1.218719e-01 2.218336e+01
-1.257423e-01 8.286800e-03 9.920283e-01 4.880123e+01 7.466716e-02 9.972079e-01 1.134202e-03 -1.081021e+00 -9.892490e-01 7.421456e-02 -1.260100e-01 2.201478e+01
-1.287089e-01 7.039082e-03 9.916574e-01 5.023363e+01 7.355637e-02 9.972880e-01 2.467960e-03 -1.074118e+00 -9.889507e-01 7.326037e-02 -1.288777e-01 2.182434e+01
-1.310202e-01 4.970870e-03 9.913672e-01 5.167575e+01 7.403696e-02 9.972440e-01 4.784468e-03 -1.069747e+00 -9.886113e-01 7.402468e-02 -1.310271e-01 2.162003e+01
-1.334418e-01 3.886637e-03 9.910490e-01 5.314713e+01 7.280803e-02 9.973286e-01 5.892123e-03 -1.051507e+00 -9.883786e-01 7.294258e-02 -1.333683e-01 2.141856e+01
-1.357101e-01 4.248623e-03 9.907395e-01 5.459157e+01 7.351290e-02 9.972774e-01 5.793032e-03 -1.035736e+00 -9.880175e-01 7.361831e-02 -1.356529e-01 2.123729e+01
-1.365237e-01 3.922818e-03 9.906290e-01 5.607368e+01 7.363679e-02 9.972659e-01 6.199170e-03 -1.037447e+00 -9.878962e-01 7.379308e-02 -1.364393e-01 2.103903e+01
-1.372454e-01 4.961417e-03 9.905247e-01 5.755543e+01 7.517078e-02 9.971559e-01 5.420903e-03 -1.041131e+00 -9.876806e-01 7.520251e-02 -1.372280e-01 2.084163e+01
-1.372642e-01 5.044799e-03 9.905216e-01 5.908710e+01 7.479397e-02 9.971850e-01 5.286040e-03 -1.043105e+00 -9.877066e-01 7.481063e-02 -1.372551e-01 2.062919e+01
-1.362181e-01 6.565154e-03 9.906571e-01 6.060690e+01 7.560115e-02 9.971309e-01 3.787310e-03 -1.048842e+00 -9.877900e-01 7.541072e-02 -1.363236e-01 2.043213e+01
-1.352500e-01 6.276755e-03 9.907916e-01 6.214626e+01 7.583490e-02 9.971122e-01 4.035201e-03 -1.048119e+00 -9.879051e-01 7.568234e-02 -1.353355e-01 2.023978e+01
-1.337708e-01 5.133706e-03 9.909990e-01 6.372855e+01 7.453552e-02 9.972063e-01 4.895375e-03 -1.046460e+00 -9.882054e-01 7.451949e-02 -1.337797e-01 2.002136e+01
-1.325296e-01 5.793555e-03 9.911621e-01 6.534335e+01 7.514989e-02 9.971633e-01 4.219760e-03 -1.048672e+00 -9.883261e-01 7.504497e-02 -1.325891e-01 1.980128e+01
-1.314232e-01 6.274304e-03 9.913065e-01 6.698005e+01 7.471593e-02 9.971984e-01 3.593923e-03 -1.054801e+00 -9.885067e-01 7.453871e-02 -1.315238e-01 1.958440e+01
-1.304633e-01 6.801302e-03 9.914298e-01 6.860696e+01 7.573897e-02 9.971228e-01 3.126218e-03 -1.060868e+00 -9.885560e-01 7.549773e-02 -1.306031e-01 1.937208e+01
-1.295562e-01 6.486698e-03 9.915509e-01 7.025854e+01 7.474113e-02 9.971977e-01 3.242049e-03 -1.061784e+00 -9.887512e-01 7.452966e-02 -1.296780e-01 1.917694e+01
-1.287114e-01 4.706411e-03 9.916709e-01 7.195547e+01 7.622423e-02 9.970773e-01 5.161263e-03 -1.064904e+00 -9.887483e-01 7.625367e-02 -1.286940e-01 1.896066e+01
-1.279171e-01 2.730033e-03 9.917811e-01 7.362038e+01 7.791864e-02 9.969330e-01 7.305513e-03 -1.071460e+00 -9.887193e-01 7.821274e-02 -1.277375e-01 1.875456e+01
-1.269673e-01 3.702487e-03 9.919000e-01 7.533133e+01 7.952264e-02 9.968121e-01 6.458407e-03 -1.081297e+00 -9.887140e-01 7.969851e-02 -1.268570e-01 1.853554e+01
-1.261798e-01 5.568360e-03 9.919918e-01 7.705569e+01 8.140993e-02 9.966693e-01 4.760604e-03 -1.081575e+00 -9.886613e-01 8.135868e-02 -1.262129e-01 1.831835e+01
-1.254643e-01 5.473592e-03 9.920830e-01 7.876787e+01 8.059940e-02 9.967355e-01 4.693782e-03 -1.083556e+00 -9.888187e-01 8.055020e-02 -1.254959e-01 1.811656e+01
-1.253669e-01 5.152742e-03 9.920971e-01 8.051589e+01 8.032643e-02 9.967562e-01 4.973553e-03 -1.087384e+00 -9.888533e-01 8.031514e-02 -1.253741e-01 1.789963e+01
-1.251597e-01 3.945940e-03 9.921288e-01 8.224942e+01 7.986582e-02 9.967869e-01 6.110823e-03 -1.094113e+00 -9.889168e-01 8.000200e-02 -1.250727e-01 1.769246e+01
-1.246984e-01 4.199808e-03 9.921858e-01 8.402066e+01 8.147848e-02 9.966569e-01 6.021517e-03 -1.099464e+00 -9.888436e-01 8.159266e-02 -1.246237e-01 1.746420e+01
-1.249390e-01 3.987327e-03 9.921564e-01 8.578606e+01 8.244358e-02 9.965753e-01 6.376766e-03 -1.108455e+00 -9.887332e-01 8.259364e-02 -1.248399e-01 1.726986e+01
-1.248822e-01 5.044360e-03 9.921588e-01 8.756513e+01 8.316392e-02 9.965212e-01 5.401234e-03 -1.121114e+00 -9.886800e-01 8.318633e-02 -1.248673e-01 1.705619e+01
-1.253506e-01 5.773273e-03 9.920957e-01 8.935977e+01 8.232092e-02 9.965952e-01 4.601732e-03 -1.126436e+00 -9.886913e-01 8.224706e-02 -1.253991e-01 1.683899e+01
-1.262934e-01 6.569245e-03 9.919712e-01 9.115914e+01 8.149897e-02 9.966663e-01 3.775755e-03 -1.135305e+00 -9.886394e-01 8.132148e-02 -1.264078e-01 1.661924e+01
-1.275195e-01 7.244462e-03 9.918096e-01 9.300781e+01 8.073338e-02 9.967309e-01 3.099685e-03 -1.146109e+00 -9.885448e-01 8.046741e-02 -1.276875e-01 1.639310e+01
-1.281000e-01 6.503946e-03 9.917399e-01 9.486601e+01 8.023710e-02 9.967685e-01 3.827058e-03 -1.158030e+00 -9.885102e-01 8.006458e-02 -1.282079e-01 1.614264e+01
-1.290643e-01 6.250947e-03 9.916165e-01 9.673613e+01 7.980829e-02 9.968018e-01 4.103855e-03 -1.160641e+00 -9.884195e-01 7.966888e-02 -1.291504e-01 1.590608e+01
-1.293269e-01 5.218050e-03 9.915883e-01 9.859602e+01 7.730585e-02 9.969957e-01 4.836035e-03 -1.166861e+00 -9.885840e-01 7.728100e-02 -1.293418e-01 1.566857e+01
-1.306384e-01 6.243873e-03 9.914104e-01 1.004555e+02 7.687780e-02 9.970331e-01 3.850921e-03 -1.167895e+00 -9.884449e-01 7.672053e-02 -1.307308e-01 1.542189e+01
-1.331262e-01 7.132264e-03 9.910734e-01 1.023177e+02 7.557637e-02 9.971356e-01 2.975927e-03 -1.173975e+00 -9.882133e-01 7.529791e-02 -1.332839e-01 1.518201e+01
-1.370027e-01 8.172958e-03 9.905370e-01 1.042250e+02 7.552116e-02 9.971417e-01 2.217998e-03 -1.175737e+00 -9.876876e-01 7.511038e-02 -1.372284e-01 1.492322e+01
-1.418427e-01 7.482906e-03 9.898609e-01 1.060993e+02 7.343845e-02 9.972953e-01 2.984303e-03 -1.186203e+00 -9.871613e-01 7.311715e-02 -1.420086e-01 1.468237e+01
-1.466441e-01 6.957115e-03 9.891649e-01 1.080101e+02 7.128372e-02 9.974498e-01 3.552456e-03 -1.186219e+00 -9.866175e-01 7.103230e-02 -1.467661e-01 1.441031e+01
-1.512386e-01 7.794799e-03 9.884665e-01 1.099218e+02 6.965257e-02 9.975674e-01 2.790508e-03 -1.193094e+00 -9.860403e-01 6.927127e-02 -1.514137e-01 1.413425e+01
-1.558338e-01 9.650332e-03 9.877361e-01 1.118355e+02 6.970786e-02 9.975667e-01 1.251336e-03 -1.198808e+00 -9.853206e-01 6.904797e-02 -1.561273e-01 1.384283e+01
-1.602553e-01 1.161342e-02 9.870073e-01 1.137574e+02 6.918130e-02 9.976040e-01 -5.054985e-04 -1.208008e+00 -9.846483e-01 6.820144e-02 -1.606747e-01 1.353165e+01
-1.648371e-01 1.192550e-02 9.862487e-01 1.157132e+02 6.787992e-02 9.976932e-01 -7.187461e-04 -1.225413e+00 -9.839822e-01 6.682800e-02 -1.652664e-01 1.320704e+01
-1.698517e-01 1.156054e-02 9.854018e-01 1.176432e+02 6.605714e-02 9.978158e-01 -3.200384e-04 -1.248049e+00 -9.832532e-01 6.503846e-02 -1.702444e-01 1.288977e+01
-1.750181e-01 1.100005e-02 9.845038e-01 1.196244e+02 6.385889e-02 9.979589e-01 2.019950e-04 -1.260007e+00 -9.824921e-01 6.290468e-02 -1.753633e-01 1.254234e+01
-1.804863e-01 1.061717e-02 9.835202e-01 1.216243e+02 6.279082e-02 9.980264e-01 7.490131e-04 -1.271447e+00 -9.815712e-01 6.189122e-02 -1.807967e-01 1.218673e+01
-1.860526e-01 1.054758e-02 9.824832e-01 1.236074e+02 6.268720e-02 9.980326e-01 1.156544e-03 -1.284049e+00 -9.805380e-01 6.180430e-02 -1.863477e-01 1.182353e+01
-1.911015e-01 1.230746e-02 9.814931e-01 1.256146e+02 6.352619e-02 9.979802e-01 -1.453397e-04 -1.298226e+00 -9.795125e-01 6.232274e-02 -1.914973e-01 1.142912e+01
-1.966679e-01 1.348039e-02 9.803775e-01 1.275932e+02 6.281036e-02 9.980248e-01 -1.123018e-03 -1.309643e+00 -9.784562e-01 6.135700e-02 -1.971261e-01 1.104192e+01
-2.024698e-01 1.358598e-02 9.791943e-01 1.295965e+02 6.310817e-02 9.980064e-01 -7.979984e-04 -1.324757e+00 -9.772530e-01 6.163359e-02 -2.029235e-01 1.063867e+01
-2.079060e-01 1.363870e-02 9.780537e-01 1.315823e+02 6.197616e-02 9.980774e-01 -7.435790e-04 -1.336657e+00 -9.761834e-01 6.046142e-02 -2.083516e-01 1.022868e+01
-2.131057e-01 1.442192e-02 9.769227e-01 1.335712e+02 6.069564e-02 9.981552e-01 -1.495237e-03 -1.350907e+00 -9.751420e-01 5.897631e-02 -2.135879e-01 9.804927e+00
-2.181816e-01 1.492581e-02 9.757940e-01 1.355852e+02 5.945407e-02 9.982291e-01 -1.975412e-03 -1.375895e+00 -9.740955e-01 5.758393e-02 -2.186826e-01 9.367979e+00
-2.228249e-01 1.405810e-02 9.747571e-01 1.375814e+02 6.014348e-02 9.981895e-01 -6.475323e-04 -1.403550e+00 -9.730015e-01 5.848100e-02 -2.232670e-01 8.937803e+00
-2.266037e-01 1.408881e-02 9.738851e-01 1.395922e+02 6.227570e-02 9.980590e-01 5.179444e-05 -1.423012e+00 -9.719941e-01 6.066112e-02 -2.270413e-01 8.466309e+00
-2.299137e-01 1.473356e-02 9.730995e-01 1.416330e+02 6.289961e-02 9.980198e-01 -2.496201e-04 -1.437481e+00 -9.711763e-01 6.115019e-02 -2.303852e-01 7.980508e+00
-2.328530e-01 1.527437e-02 9.723920e-01 1.436553e+02 6.295275e-02 9.980163e-01 -6.019471e-04 -1.458230e+00 -9.704723e-01 6.107458e-02 -2.333527e-01 7.502344e+00
-2.362778e-01 1.498373e-02 9.715700e-01 1.456730e+02 6.171139e-02 9.980940e-01 -3.850894e-04 -1.479710e+00 -9.697239e-01 5.986595e-02 -2.367521e-01 7.034052e+00
-2.402942e-01 1.559108e-02 9.705749e-01 1.477222e+02 5.999844e-02 9.981978e-01 -1.180440e-03 -1.501414e+00 -9.688441e-01 5.794933e-02 -2.407966e-01 6.548573e+00
-2.448548e-01 1.646491e-02 9.694199e-01 1.497398e+02 5.890570e-02 9.982614e-01 -2.076437e-03 -1.529785e+00 -9.677687e-01 5.659594e-02 -2.453990e-01 6.083001e+00
-2.499574e-01 1.601145e-02 9.681244e-01 1.517152e+02 5.766517e-02 9.983347e-01 -1.622672e-03 -1.559042e+00 -9.665382e-01 5.542146e-02 -2.504645e-01 5.639192e+00
-2.545973e-01 1.669827e-02 9.669030e-01 1.537599e+02 5.772089e-02 9.983307e-01 -2.042409e-03 -1.586257e+00 -9.653230e-01 5.529051e-02 -2.551362e-01 5.115951e+00
-2.589819e-01 1.724974e-02 9.657281e-01 1.557760e+02 5.687380e-02 9.983780e-01 -2.580931e-03 -1.609409e+00 -9.642063e-01 5.425622e-02 -2.595429e-01 4.579750e+00
-2.635184e-01 1.721358e-02 9.645008e-01 1.577903e+02 5.552007e-02 9.984541e-01 -2.650497e-03 -1.628878e+00 -9.630553e-01 5.285069e-02 -2.640667e-01 4.045077e+00
-2.679988e-01 1.639609e-02 9.632797e-01 1.597782e+02 5.523777e-02 9.984719e-01 -1.627124e-03 -1.671474e+00 -9.618344e-01 5.277336e-02 -2.684950e-01 3.524841e+00
-2.725592e-01 1.587380e-02 9.620081e-01 1.618334e+02 5.458295e-02 9.985087e-01 -1.011470e-03 -1.705353e+00 -9.605895e-01 5.223355e-02 -2.730192e-01 2.982746e+00
-2.767903e-01 1.654514e-02 9.607879e-01 1.638516e+02 5.538607e-02 9.984642e-01 -1.237947e-03 -1.741762e+00 -9.593329e-01 5.287162e-02 -2.772816e-01 2.432405e+00
-2.806103e-01 1.778884e-02 9.596569e-01 1.658875e+02 5.490877e-02 9.984884e-01 -2.452947e-03 -1.756585e+00 -9.582499e-01 5.200526e-02 -2.811629e-01 1.863698e+00
-2.844268e-01 1.927116e-02 9.585041e-01 1.679257e+02 5.455231e-02 9.985033e-01 -3.887496e-03 -1.791543e+00 -9.571444e-01 5.118291e-02 -2.850524e-01 1.290255e+00
-2.877722e-01 2.048276e-02 9.574798e-01 1.699636e+02 5.528359e-02 9.984594e-01 -4.743829e-03 -1.827543e+00 -9.561019e-01 5.156778e-02 -2.884612e-01 6.729140e-01
-2.911124e-01 2.153615e-02 9.564464e-01 1.720286e+02 5.515389e-02 9.984616e-01 -5.695078e-03 -1.859469e+00 -9.550977e-01 5.109383e-02 -2.918524e-01 5.585446e-02
-2.947168e-01 2.159984e-02 9.553405e-01 1.740745e+02 5.518289e-02 9.984608e-01 -5.551185e-03 -1.898474e+00 -9.539900e-01 5.108243e-02 -2.954551e-01 -5.481635e-01
-2.989286e-01 2.147283e-02 9.540339e-01 1.761476e+02 5.378664e-02 9.985366e-01 -5.621440e-03 -1.923829e+00 -9.527585e-01 4.963387e-02 -2.996461e-01 -1.164599e+00
-3.026621e-01 2.239643e-02 9.528348e-01 1.782551e+02 5.571143e-02 9.984302e-01 -5.771763e-03 -1.958327e+00 -9.514683e-01 5.133689e-02 -3.034347e-01 -1.816969e+00
-3.059056e-01 2.280831e-02 9.517886e-01 1.802715e+02 5.806994e-02 9.982987e-01 -5.259141e-03 -2.002285e+00 -9.502893e-01 5.366151e-02 -3.067096e-01 -2.441320e+00
-3.086493e-01 2.244896e-02 9.509109e-01 1.823162e+02 5.862957e-02 9.982695e-01 -4.536848e-03 -2.034591e+00 -9.493672e-01 5.435120e-02 -3.094314e-01 -3.080281e+00
-3.114722e-01 2.192568e-02 9.500023e-01 1.844124e+02 5.775289e-02 9.983225e-01 -4.105756e-03 -2.063357e+00 -9.484986e-01 5.358655e-02 -3.122160e-01 -3.749477e+00
-3.143385e-01 2.270027e-02 9.490395e-01 1.864902e+02 5.634040e-02 9.983980e-01 -5.219959e-03 -2.083930e+00 -9.476376e-01 5.182843e-02 -3.151139e-01 -4.411503e+00
-3.173739e-01 2.481530e-02 9.479757e-01 1.886209e+02 5.582120e-02 9.984130e-01 -7.447164e-03 -2.128337e+00 -9.466561e-01 5.055361e-02 -3.182555e-01 -5.127585e+00
-3.208438e-01 2.693126e-02 9.467492e-01 1.907036e+02 5.525116e-02 9.984256e-01 -9.677185e-03 -2.163573e+00 -9.455192e-01 4.920413e-02 -3.218266e-01 -5.798495e+00
-3.240144e-01 2.801452e-02 9.456373e-01 1.927944e+02 5.462178e-02 9.984480e-01 -1.086336e-02 -2.217194e+00 -9.444740e-01 4.813251e-02 -3.250417e-01 -6.499592e+00
-3.269767e-01 2.890086e-02 9.445904e-01 1.949041e+02 5.304572e-02 9.985177e-01 -1.218867e-02 -2.266628e+00 -9.435425e-01 4.612107e-02 -3.280251e-01 -7.225444e+00
-3.310523e-01 2.923230e-02 9.431595e-01 1.970089e+02 5.371282e-02 9.984832e-01 -1.209362e-02 -2.321008e+00 -9.420824e-01 4.665614e-02 -3.321203e-01 -7.926210e+00
-3.349283e-01 2.873748e-02 9.418053e-01 1.991724e+02 5.347680e-02 9.985034e-01 -1.144990e-02 -2.367858e+00 -9.407249e-01 4.652984e-02 -3.359638e-01 -8.680181e+00
-3.393141e-01 2.820475e-02 9.402502e-01 2.012404e+02 5.322095e-02 9.985249e-01 -1.074664e-02 -2.412606e+00 -9.391664e-01 4.639452e-02 -3.403147e-01 -9.340922e+00
-3.439099e-01 2.812448e-02 9.385814e-01 2.033698e+02 5.330487e-02 9.985242e-01 -1.038898e-02 -2.463265e+00 -9.374884e-01 4.645809e-02 -3.449015e-01 -1.004290e+01
-3.475852e-01 2.840118e-02 9.372182e-01 2.055509e+02 5.154290e-02 9.986086e-01 -1.114587e-02 -2.493746e+00 -9.362307e-01 4.443280e-02 -3.485655e-01 -1.082505e+01
-3.518083e-01 2.900877e-02 9.356225e-01 2.076790e+02 5.055037e-02 9.986500e-01 -1.195521e-02 -2.547324e+00 -9.347061e-01 4.309012e-02 -3.527998e-01 -1.156768e+01
-3.556458e-01 2.976584e-02 9.341467e-01 2.097966e+02 5.024626e-02 9.986562e-01 -1.269177e-02 -2.602331e+00 -9.332692e-01 4.242360e-02 -3.566635e-01 -1.229328e+01
-3.589426e-01 3.079221e-02 9.328516e-01 2.119273e+02 5.065673e-02 9.986253e-01 -1.347161e-02 -2.648158e+00 -9.319839e-01 4.241967e-02 -3.600090e-01 -1.305958e+01
-3.616015e-01 3.026805e-02 9.318413e-01 2.140300e+02 5.153487e-02 9.985937e-01 -1.243816e-02 -2.718197e+00 -9.309074e-01 4.352466e-02 -3.626529e-01 -1.384554e+01
-3.642964e-01 2.981796e-02 9.308056e-01 2.161404e+02 5.209843e-02 9.985746e-01 -1.159876e-02 -2.759404e+00 -9.298247e-01 4.426812e-02 -3.653306e-01 -1.464055e+01
-3.670431e-01 3.074511e-02 9.296957e-01 2.182883e+02 5.299898e-02 9.985213e-01 -1.209723e-02 -2.806120e+00 -9.286929e-01 4.483272e-02 -3.681298e-01 -1.545452e+01
-3.698235e-01 3.170125e-02 9.285610e-01 2.203986e+02 5.248448e-02 9.985347e-01 -1.318685e-02 -2.852334e+00 -9.276184e-01 4.385823e-02 -3.709454e-01 -1.625255e+01
-3.730846e-01 3.198710e-02 9.272458e-01 2.225316e+02 5.135657e-02 9.985852e-01 -1.378437e-02 -2.904284e+00 -9.263749e-01 4.247742e-02 -3.741995e-01 -1.706896e+01
-3.758624e-01 3.326501e-02 9.260782e-01 2.246875e+02 5.084177e-02 9.985905e-01 -1.523480e-02 -2.967774e+00 -9.252797e-01 4.135726e-02 -3.770239e-01 -1.790787e+01
-3.791579e-01 3.490005e-02 9.246736e-01 2.268620e+02 5.074131e-02 9.985691e-01 -1.688287e-02 -3.022600e+00 -9.239397e-01 4.051787e-02 -3.803863e-01 -1.875284e+01
-3.820068e-01 3.508324e-02 9.234933e-01 2.290007e+02 4.822720e-02 9.986744e-01 -1.798996e-02 -3.085490e+00 -9.229003e-01 3.766521e-02 -3.831924e-01 -1.958425e+01
-3.851874e-01 3.603876e-02 9.221344e-01 2.310831e+02 4.868042e-02 9.986394e-01 -1.869429e-02 -3.159489e+00 -9.215535e-01 3.768909e-02 -3.864177e-01 -2.041043e+01
-3.881100e-01 3.560954e-02 9.209249e-01 2.331445e+02 4.968065e-02 9.986087e-01 -1.767619e-02 -3.226683e+00 -9.202730e-01 3.889184e-02 -3.893391e-01 -2.124155e+01
-3.903628e-01 3.450714e-02 9.200142e-01 2.352545e+02 4.947572e-02 9.986396e-01 -1.646356e-02 -3.300561e+00 -9.193308e-01 3.909160e-02 -3.915390e-01 -2.215750e+01
-3.928635e-01 3.429932e-02 9.189569e-01 2.371807e+02 4.837574e-02 9.986914e-01 -1.659422e-02 -3.349385e+00 -9.183235e-01 3.793596e-02 -3.940086e-01 -2.300115e+01
-3.959134e-01 3.455867e-02 9.176373e-01 2.391332e+02 4.649861e-02 9.987641e-01 -1.755218e-02 -3.399632e+00 -9.171098e-01 3.571971e-02 -3.970311e-01 -2.383011e+01
-3.989469e-01 3.367970e-02 9.163553e-01 2.412725e+02 4.438307e-02 9.988632e-01 -1.738946e-02 -3.467862e+00 -9.158993e-01 3.373319e-02 -3.999882e-01 -2.477199e+01
-4.019366e-01 3.260657e-02 9.150868e-01 2.433129e+02 4.302306e-02 9.989345e-01 -1.669709e-02 -3.550414e+00 -9.146562e-01 3.265867e-02 -4.029112e-01 -2.569302e+01
-4.054628e-01 3.280116e-02 9.135228e-01 2.454277e+02 4.213046e-02 9.989646e-01 -1.716964e-02 -3.622388e+00 -9.131401e-01 3.152549e-02 -4.064249e-01 -2.660418e+01
-4.086737e-01 3.228153e-02 9.121095e-01 2.475468e+02 4.106774e-02 9.990125e-01 -1.695668e-02 -3.693881e+00 -9.117561e-01 3.052853e-02 -4.095958e-01 -2.756474e+01
-4.122182e-01 3.142369e-02 9.105431e-01 2.495751e+02 3.947130e-02 9.990826e-01 -1.660995e-02 -3.770548e+00 -9.102298e-01 2.909339e-02 -4.130803e-01 -2.849874e+01
-4.160140e-01 3.135220e-02 9.088176e-01 2.516556e+02 3.821541e-02 9.991253e-01 -1.697440e-02 -3.834813e+00 -9.085549e-01 2.766925e-02 -4.168482e-01 -2.943058e+01
-4.193764e-01 3.180937e-02 9.072550e-01 2.537423e+02 3.780799e-02 9.991308e-01 -1.755399e-02 -3.911365e+00 -9.070248e-01 2.693975e-02 -4.202146e-01 -3.041243e+01
-4.228085e-01 3.204707e-02 9.056522e-01 2.558877e+02 3.765691e-02 9.991326e-01 -1.777461e-02 -3.987428e+00 -9.054363e-01 2.658880e-02 -4.236486e-01 -3.139595e+01
-4.264689e-01 3.234988e-02 9.039235e-01 2.580235e+02 3.732521e-02 9.991384e-01 -1.814751e-02 -4.036883e+00 -9.037318e-01 2.599978e-02 -4.273089e-01 -3.238321e+01
-4.300149e-01 3.259485e-02 9.022332e-01 2.601256e+02 3.557985e-02 9.991835e-01 -1.913959e-02 -4.100146e+00 -9.021204e-01 2.387101e-02 -4.308235e-01 -3.337471e+01
-4.333201e-01 3.272330e-02 9.006458e-01 2.622848e+02 3.554517e-02 9.991836e-01 -1.920194e-02 -4.166843e+00 -9.005388e-01 2.369302e-02 -4.341295e-01 -3.443423e+01
-4.362791e-01 3.314822e-02 8.992006e-01 2.644464e+02 3.568070e-02 9.991726e-01 -1.952184e-02 -4.237976e+00 -8.991037e-01 2.356713e-02 -4.371008e-01 -3.549539e+01
-4.396654e-01 3.428606e-02 8.975070e-01 2.665547e+02 3.668711e-02 9.991227e-01 -2.019587e-02 -4.310466e+00 -8.974120e-01 2.404751e-02 -4.405376e-01 -3.650394e+01
-4.428795e-01 3.629748e-02 8.958461e-01 2.686652e+02 3.846136e-02 9.990295e-01 -2.146408e-02 -4.382258e+00 -8.957558e-01 2.494946e-02 -4.438457e-01 -3.752069e+01
-4.464983e-01 3.697668e-02 8.940202e-01 2.707141e+02 3.992332e-02 9.989740e-01 -2.137877e-02 -4.472483e+00 -8.938934e-01 2.614667e-02 -4.475164e-01 -3.844110e+01
-4.491080e-01 3.912673e-02 8.926204e-01 2.728047e+02 4.137975e-02 9.988795e-01 -2.296487e-02 -4.544852e+00 -8.925188e-01 2.662270e-02 -4.502238e-01 -3.948265e+01
-4.518075e-01 4.163324e-02 8.911435e-01 2.748520e+02 4.276697e-02 9.987728e-01 -2.497882e-02 -4.616094e+00 -8.910898e-01 2.682589e-02 -4.530335e-01 -4.048641e+01
-4.547016e-01 4.209194e-02 8.896487e-01 2.769333e+02 4.354361e-02 9.987387e-01 -2.499807e-02 -4.703580e+00 -8.895788e-01 2.737185e-02 -4.559609e-01 -4.151234e+01
-4.579901e-01 4.335240e-02 8.878996e-01 2.790555e+02 4.357536e-02 9.987043e-01 -2.628579e-02 -4.771735e+00 -8.878887e-01 2.665191e-02 -4.592857e-01 -4.258127e+01
-4.611556e-01 4.337358e-02 8.862586e-01 2.812375e+02 4.240346e-02 9.987407e-01 -2.681426e-02 -4.854337e+00 -8.863055e-01 2.521489e-02 -4.624141e-01 -4.369048e+01
-4.644466e-01 4.473696e-02 8.844705e-01 2.833910e+02 4.319663e-02 9.986789e-01 -2.783058e-02 -4.935993e+00 -8.845470e-01 2.528033e-02 -4.657655e-01 -4.479025e+01
-4.677040e-01 4.500009e-02 8.827389e-01 2.855125e+02 4.217524e-02 9.987018e-01 -2.856580e-02 -5.024315e+00 -8.828784e-01 2.386938e-02 -4.689947e-01 -4.587657e+01
-4.708786e-01 4.467691e-02 8.810660e-01 2.876189e+02 4.034561e-02 9.987624e-01 -2.908265e-02 -5.116813e+00 -8.812750e-01 2.185275e-02 -4.720984e-01 -4.693987e+01
-4.739141e-01 4.537647e-02 8.794012e-01 2.897593e+02 4.153687e-02 9.987117e-01 -2.914836e-02 -5.195164e+00 -8.795909e-01 2.271376e-02 -4.751883e-01 -4.803463e+01
-4.760456e-01 4.575620e-02 8.782294e-01 2.919415e+02 4.310267e-02 9.986593e-01 -2.866679e-02 -5.279024e+00 -8.783637e-01 2.420733e-02 -4.773796e-01 -4.917849e+01
-4.779434e-01 4.593788e-02 8.771886e-01 2.940875e+02 4.420943e-02 9.986239e-01 -2.820951e-02 -5.378122e+00 -8.772774e-01 2.529746e-02 -4.793166e-01 -5.032615e+01
-4.802713e-01 4.566380e-02 8.759305e-01 2.961692e+02 4.394357e-02 9.986425e-01 -2.796679e-02 -5.466478e+00 -8.760185e-01 2.505987e-02 -4.816259e-01 -5.140801e+01
-4.828090e-01 4.473605e-02 8.745823e-01 2.983725e+02 4.314979e-02 9.986965e-01 -2.726402e-02 -5.557418e+00 -8.746620e-01 2.457472e-02 -4.841100e-01 -5.259026e+01
-4.855944e-01 4.486692e-02 8.730321e-01 3.005871e+02 4.425615e-02 9.986632e-01 -2.670739e-02 -5.644400e+00 -8.730633e-01 2.566808e-02 -4.869308e-01 -5.376851e+01
-4.873285e-01 4.452353e-02 8.720829e-01 3.027243e+02 4.495943e-02 9.986540e-01 -2.586175e-02 -5.754438e+00 -8.720605e-01 2.660518e-02 -4.886744e-01 -5.496401e+01
-4.897468e-01 4.516678e-02 8.706940e-01 3.048971e+02 4.447002e-02 9.986514e-01 -2.679106e-02 -5.851561e+00 -8.707299e-01 2.559894e-02 -4.910949e-01 -5.611571e+01
-4.921965e-01 4.748010e-02 8.691883e-01 3.071324e+02 4.397960e-02 9.985925e-01 -2.964451e-02 -5.948077e+00 -8.693724e-01 2.363563e-02 -4.935919e-01 -5.733630e+01
-4.960550e-01 4.695590e-02 8.670205e-01 3.092740e+02 4.241693e-02 9.986550e-01 -2.981661e-02 -6.037773e+00 -8.672544e-01 2.198567e-02 -4.973795e-01 -5.848943e+01
-5.008321e-01 4.528909e-02 8.643588e-01 3.114173e+02 4.039742e-02 9.987650e-01 -2.892413e-02 -6.126820e+00 -8.646012e-01 2.043173e-02 -5.020431e-01 -5.966191e+01
-5.058418e-01 4.295579e-02 8.615561e-01 3.136116e+02 3.824965e-02 9.988940e-01 -2.734587e-02 -6.219622e+00 -8.617778e-01 1.912153e-02 -5.069254e-01 -6.090180e+01
-5.112956e-01 4.170675e-02 8.583923e-01 3.158816e+02 3.712967e-02 9.989611e-01 -2.642053e-02 -6.308171e+00 -8.586025e-01 1.836312e-02 -5.123130e-01 -6.216248e+01
-5.158896e-01 4.165194e-02 8.556419e-01 3.181554e+02 3.692454e-02 9.989702e-01 -2.636624e-02 -6.391186e+00 -8.558589e-01 1.799211e-02 -5.168963e-01 -6.349507e+01
-5.197894e-01 4.318436e-02 8.532022e-01 3.204417e+02 3.939097e-02 9.988708e-01 -2.655946e-02 -6.483220e+00 -8.533858e-01 1.980314e-02 -5.209036e-01 -6.488058e+01
-5.238199e-01 4.440431e-02 8.506709e-01 3.227163e+02 4.053368e-02 9.988085e-01 -2.717744e-02 -6.569931e+00 -8.508641e-01 2.024473e-02 -5.249957e-01 -6.624678e+01
-5.276356e-01 4.464534e-02 8.482968e-01 3.249369e+02 4.149992e-02 9.987803e-01 -2.675249e-02 -6.663383e+00 -8.484565e-01 2.108868e-02 -5.288448e-01 -6.759328e+01
-5.307309e-01 4.344471e-02 8.464262e-01 3.271461e+02 4.162602e-02 9.988163e-01 -2.516590e-02 -6.763752e+00 -8.465176e-01 2.187703e-02 -5.319111e-01 -6.901595e+01
-5.346398e-01 4.071195e-02 8.440988e-01 3.293604e+02 3.888096e-02 9.989662e-01 -2.355477e-02 -6.874139e+00 -8.441852e-01 2.022606e-02 -5.356700e-01 -7.041167e+01
-5.383146e-01 4.074192e-02 8.417586e-01 3.315547e+02 3.855042e-02 9.989756e-01 -2.369792e-02 -6.970109e+00 -8.418618e-01 1.969321e-02 -5.393338e-01 -7.178536e+01
-5.426350e-01 4.065852e-02 8.389840e-01 3.337398e+02 3.865719e-02 9.989783e-01 -2.340954e-02 -7.057573e+00 -8.390786e-01 1.972992e-02 -5.436524e-01 -7.314818e+01
-5.466642e-01 4.067884e-02 8.363632e-01 3.359566e+02 3.941963e-02 9.989621e-01 -2.282180e-02 -7.146015e+00 -8.364235e-01 2.049327e-02 -5.477004e-01 -7.457826e+01
-5.509743e-01 4.002645e-02 8.335618e-01 3.382026e+02 3.958646e-02 9.989782e-01 -2.180334e-02 -7.239975e+00 -8.335828e-01 2.098468e-02 -5.519958e-01 -7.602325e+01
-5.548758e-01 3.915505e-02 8.310113e-01 3.403938e+02 3.763202e-02 9.990507e-01 -2.194529e-02 -7.310863e+00 -8.310816e-01 1.909573e-02 -5.558225e-01 -7.745107e+01
-5.582489e-01 3.812425e-02 8.287972e-01 3.425682e+02 3.711420e-02 9.990912e-01 -2.095886e-02 -7.401083e+00 -8.288430e-01 1.905988e-02 -5.591565e-01 -7.889016e+01
-5.613740e-01 3.765595e-02 8.267051e-01 3.447197e+02 3.751469e-02 9.990952e-01 -2.003387e-02 -7.471248e+00 -8.267115e-01 1.976709e-02 -5.622787e-01 -8.028771e+01
-5.641794e-01 3.699831e-02 8.248228e-01 3.468856e+02 3.528534e-02 9.991632e-01 -2.068334e-02 -7.542930e+00 -8.248979e-01 1.743504e-02 -5.650128e-01 -8.172735e+01
-5.674650e-01 3.576939e-02 8.226202e-01 3.490391e+02 3.108156e-02 9.992745e-01 -2.200985e-02 -7.622621e+00 -8.228107e-01 1.307850e-02 -5.681651e-01 -8.315393e+01
-5.712559e-01 3.560024e-02 8.199996e-01 3.512069e+02 2.804519e-02 9.993221e-01 -2.384772e-02 -7.693818e+00 -8.202927e-01 9.373892e-03 -5.718671e-01 -8.456818e+01
-5.735158e-01 3.312734e-02 8.185244e-01 3.533625e+02 2.471746e-02 9.994269e-01 -2.313004e-02 -7.747222e+00 -8.188215e-01 6.966401e-03 -5.740060e-01 -8.608606e+01
-5.767108e-01 3.217967e-02 8.163144e-01 3.556234e+02 2.441257e-02 9.994565e-01 -2.215224e-02 -7.834322e+00 -8.165836e-01 7.152894e-03 -5.771829e-01 -8.766984e+01
-5.792223e-01 3.256497e-02 8.145189e-01 3.578262e+02 2.348090e-02 9.994536e-01 -2.326100e-02 -7.912988e+00 -8.148314e-01 5.652351e-03 -5.796705e-01 -8.921765e+01
-5.821841e-01 3.136784e-02 8.124517e-01 3.600102e+02 2.123957e-02 9.995012e-01 -2.336983e-02 -7.992617e+00 -8.127795e-01 3.650583e-03 -5.825599e-01 -9.076986e+01
-5.855935e-01 2.775364e-02 8.101296e-01 3.620973e+02 1.910494e-02 9.996086e-01 -2.043506e-02 -8.078402e+00 -8.103797e-01 3.510833e-03 -5.858946e-01 -9.222907e+01
-5.872226e-01 2.511668e-02 8.090357e-01 3.642650e+02 1.488255e-02 9.996845e-01 -2.023321e-02 -8.142184e+00 -8.092887e-01 1.591201e-04 -5.874111e-01 -9.383289e+01
-5.898409e-01 2.384643e-02 8.071673e-01 3.664809e+02 1.269379e-02 9.997142e-01 -2.025887e-02 -8.217758e+00 -8.074197e-01 -1.703499e-03 -5.899750e-01 -9.542486e+01
-5.924793e-01 2.350799e-02 8.052426e-01 3.685362e+02 1.250556e-02 9.997221e-01 -1.998425e-02 -8.329500e+00 -8.054886e-01 -1.770244e-03 -5.926086e-01 -9.695369e+01
-5.952627e-01 2.261992e-02 8.032127e-01 3.706624e+02 1.181620e-02 9.997420e-01 -1.939753e-02 -8.426002e+00 -8.034443e-01 -2.055706e-03 -5.953764e-01 -9.849648e+01
-5.977953e-01 2.172371e-02 8.013544e-01 3.725516e+02 1.085035e-02 9.997605e-01 -1.900809e-02 -8.477398e+00 -8.015754e-01 -2.667971e-03 -5.978878e-01 -9.996467e+01
-6.001254e-01 2.064846e-02 7.996394e-01 3.745877e+02 7.831298e-03 9.997705e-01 -1.993894e-02 -8.503082e+00 -7.998676e-01 -5.703650e-03 -6.001494e-01 -1.016165e+02
-6.033964e-01 1.742951e-02 7.972509e-01 3.767327e+02 -2.058713e-03 9.997237e-01 -2.341410e-02 -8.591549e+00 -7.974387e-01 -1.576930e-02 -6.031938e-01 -1.031383e+02
-6.067082e-01 2.019479e-02 7.946681e-01 3.789726e+02 -9.787288e-03 9.994117e-01 -3.287025e-02 -8.692482e+00 -7.948644e-01 -2.772029e-02 -6.061536e-01 -1.047905e+02
-6.092344e-01 3.006335e-02 7.924201e-01 3.811759e+02 2.429093e-05 9.992818e-01 -3.789273e-02 -8.815425e+00 -7.929902e-01 -2.306631e-02 -6.087976e-01 -1.064775e+02
-6.100238e-01 3.096444e-02 7.917778e-01 3.833179e+02 7.427473e-03 9.994157e-01 -3.336215e-02 -8.939910e+00 -7.923483e-01 -1.447080e-02 -6.098974e-01 -1.081168e+02
-6.109929e-01 1.954572e-02 7.913947e-01 3.854620e+02 5.335230e-03 9.997741e-01 -2.057320e-02 -9.086182e+00 -7.916181e-01 -8.347805e-03 -6.109592e-01 -1.097921e+02
-6.135064e-01 9.058725e-03 7.896378e-01 3.877116e+02 -1.027010e-03 9.999242e-01 -1.226906e-02 -9.141819e+00 -7.896891e-01 -8.338115e-03 -6.134506e-01 -1.115195e+02
-6.167792e-01 3.269353e-03 7.871294e-01 3.898745e+02 -6.772784e-03 9.999323e-01 -9.460253e-03 -9.194918e+00 -7.871071e-01 -1.116594e-02 -6.167153e-01 -1.131325e+02
-6.196224e-01 3.021553e-03 7.848942e-01 3.920008e+02 -7.803801e-03 9.999194e-01 -1.000991e-02 -9.247015e+00 -7.848613e-01 -1.232752e-02 -6.195489e-01 -1.147638e+02
-6.215529e-01 7.875643e-03 7.833326e-01 3.941789e+02 -2.778182e-03 9.999210e-01 -1.225764e-02 -9.337243e+00 -7.833673e-01 -9.795011e-03 -6.214819e-01 -1.165381e+02
-6.230964e-01 1.381948e-02 7.820230e-01 3.962316e+02 1.357180e-03 9.998615e-01 -1.658763e-02 -9.416360e+00 -7.821439e-01 -9.274345e-03 -6.230288e-01 -1.181496e+02
-6.253911e-01 1.633954e-02 7.801404e-01 3.984695e+02 2.002131e-03 9.998110e-01 -1.933542e-02 -9.502091e+00 -7.803089e-01 -1.053026e-02 -6.253056e-01 -1.201229e+02
-6.265803e-01 1.926315e-02 7.791188e-01 4.011505e+02 9.249400e-03 9.998079e-01 -1.728101e-02 -9.650523e+00 -7.793020e-01 -3.621562e-03 -6.266381e-01 -1.226346e+02
-6.293818e-01 1.843517e-02 7.768775e-01 4.030894e+02 9.876559e-03 9.998276e-01 -1.572431e-02 -9.739003e+00 -7.770335e-01 -2.223718e-03 -6.294554e-01 -1.241284e+02
-6.316276e-01 1.757650e-02 7.750727e-01 4.051954e+02 1.016253e-02 9.998448e-01 -1.439199e-02 -9.783005e+00 -7.752053e-01 -1.213681e-03 -6.317082e-01 -1.258031e+02
-6.323333e-01 1.777586e-02 7.744925e-01 4.072910e+02 9.292121e-03 9.998388e-01 -1.536139e-02 -9.831392e+00 -7.746407e-01 -2.516841e-03 -6.323966e-01 -1.275333e+02
-6.335409e-01 1.811970e-02 7.734970e-01 4.094844e+02 9.835134e-03 9.998336e-01 -1.536623e-02 -9.884108e+00 -7.736467e-01 -2.127686e-03 -6.336137e-01 -1.293367e+02
-6.343666e-01 1.782407e-02 7.728269e-01 4.117023e+02 9.449553e-03 9.998382e-01 -1.530318e-02 -9.970152e+00 -7.729746e-01 -2.404957e-03 -6.344324e-01 -1.312034e+02
-6.349581e-01 1.732532e-02 7.723523e-01 4.134334e+02 1.076287e-02 9.998499e-01 -1.358027e-02 -1.000950e+01 -7.724716e-01 -3.101766e-04 -6.350493e-01 -1.327815e+02
-6.367259e-01 1.660676e-02 7.709114e-01 4.154348e+02 1.242416e-02 9.998592e-01 -1.127709e-02 -1.009352e+01 -7.709902e-01 2.397512e-03 -6.368425e-01 -1.342760e+02
-6.374905e-01 1.629665e-02 7.702859e-01 4.175984e+02 1.389111e-02 9.998569e-01 -9.657279e-03 -1.013447e+01 -7.703330e-01 4.543700e-03 -6.376256e-01 -1.360438e+02
-6.387270e-01 1.630527e-02 7.692606e-01 4.199431e+02 1.212578e-02 9.998646e-01 -1.112497e-02 -1.019415e+01 -7.693378e-01 2.222063e-03 -6.388383e-01 -1.377959e+02
-6.399791e-01 1.695162e-02 7.682053e-01 4.219261e+02 8.785312e-03 9.998527e-01 -1.474437e-02 -1.024122e+01 -7.683421e-01 -2.687168e-03 -6.400337e-01 -1.394224e+02
-6.415226e-01 1.638789e-02 7.669290e-01 4.238416e+02 5.789145e-03 9.998467e-01 -1.652240e-02 -1.032909e+01 -7.670823e-01 -6.159633e-03 -6.415192e-01 -1.409280e+02
-6.424129e-01 1.597215e-02 7.661922e-01 4.256833e+02 5.582924e-03 9.998538e-01 -1.616209e-02 -1.037139e+01 -7.663384e-01 -6.105143e-03 -6.424082e-01 -1.424711e+02
-6.432264e-01 1.462285e-02 7.655364e-01 4.274681e+02 3.234715e-03 9.998606e-01 -1.638087e-02 -1.044279e+01 -7.656692e-01 -8.060318e-03 -6.431840e-01 -1.440374e+02
-6.441971e-01 1.324037e-02 7.647449e-01 4.296489e+02 -3.910016e-04 9.998443e-01 -1.764012e-02 -1.051850e+01 -7.648595e-01 -1.166273e-02 -6.440916e-01 -1.457935e+02
-6.449499e-01 1.285397e-02 7.641167e-01 4.316771e+02 -1.042431e-03 9.998428e-01 -1.769922e-02 -1.060090e+01 -7.642241e-01 -1.221165e-02 -6.448351e-01 -1.474501e+02
-6.455901e-01 1.146898e-02 7.635980e-01 4.336609e+02 -5.994179e-04 9.998793e-01 -1.552463e-02 -1.066059e+01 -7.636839e-01 -1.048026e-02 -6.455053e-01 -1.491122e+02
-6.452176e-01 1.060175e-02 7.639253e-01 4.357166e+02 2.300177e-03 9.999261e-01 -1.193422e-02 -1.072898e+01 -7.639954e-01 -5.943002e-03 -6.451943e-01 -1.508386e+02
-6.436502e-01 8.529003e-03 7.652723e-01 4.372675e+02 5.642147e-03 9.999636e-01 -6.399191e-03 -1.085546e+01 -7.652990e-01 1.989382e-04 -6.436749e-01 -1.524529e+02
-6.423650e-01 7.211980e-03 7.663649e-01 4.393234e+02 8.553299e-03 9.999609e-01 -2.240914e-03 -1.089960e+01 -7.663511e-01 5.115463e-03 -6.424016e-01 -1.541638e+02
