1.000000e+00 0.000000e+00 0.000000e+00 0.000000e+00 0.000000e+00 1.000000e+00 0.000000e+00 0.000000e+00 0.000000e+00 0.000000e+00 1.000000e+00 0.000000e+00
9.999790e-01 6.727353e-04 -6.444903e-03 -8.610236e-03 -6.712052e-04 9.999997e-01 2.395696e-04 -1.140786e-03 6.445063e-03 -2.352388e-04 9.999792e-01 9.508290e-02
9.999087e-01 1.456698e-03 -1.343049e-02 -1.897708e-02 -1.455721e-03 9.999989e-01 8.250863e-05 -2.904418e-03 1.343059e-02 -6.295005e-05 9.999098e-01 1.902712e-01
9.997790e-01 2.309068e-03 -2.089774e-02 -3.139078e-02 -2.325123e-03 9.999970e-01 -7.439972e-04 -4.870575e-03 2.089596e-02 7.924225e-04 9.997813e-01 2.876389e-01
9.995423e-01 3.141730e-03 -3.008877e-02 -4.597118e-02 -3.210876e-03 9.999923e-01 -2.250039e-03 -5.110983e-03 3.008147e-02 2.345621e-03 9.995447e-01 3.915667e-01
9.991296e-01 3.529279e-03 -4.156470e-02 -6.240632e-02 -3.698219e-03 9.999852e-01 -3.988322e-03 -4.920619e-03 4.155001e-02 4.138566e-03 9.991279e-01 5.043622e-01
9.984752e-01 3.614734e-03 -5.508377e-02 -8.518797e-02 -3.895319e-03 9.999800e-01 -4.987263e-03 -4.808937e-03 5.506464e-02 5.194227e-03 9.984693e-01 6.284072e-01
9.974475e-01 3.857745e-03 -7.129944e-02 -1.124770e-01 -4.234918e-03 9.999778e-01 -5.139574e-03 -4.086683e-03 7.127804e-02 5.428402e-03 9.974417e-01 7.676309e-01
9.959541e-01 2.615804e-03 -8.982541e-02 -1.439287e-01 -3.108906e-03 9.999809e-01 -5.350086e-03 -4.701516e-03 8.980970e-02 5.607699e-03 9.959432e-01 9.156643e-01
9.939573e-01 1.623680e-03 -1.097556e-01 -1.797123e-01 -2.262315e-03 9.999812e-01 -5.694423e-03 -5.521193e-03 1.097443e-01 5.908315e-03 9.939423e-01 1.074354e+00
9.912550e-01 1.268260e-03 -1.319545e-01 -2.272588e-01 -2.100700e-03 9.999788e-01 -6.169528e-03 -7.684118e-03 1.319439e-01 6.392772e-03 9.912366e-01 1.240017e+00
9.877467e-01 5.251632e-03 -1.559775e-01 -2.844979e-01 -6.526310e-03 9.999494e-01 -7.661200e-03 -1.307029e-02 1.559293e-01 8.585282e-03 9.877309e-01 1.408237e+00
9.833979e-01 9.858110e-03 -1.811941e-01 -3.542642e-01 -1.171888e-02 9.998890e-01 -9.201773e-03 -1.867190e-02 1.810833e-01 1.117240e-02 9.834043e-01 1.582835e+00
9.780147e-01 1.294044e-02 -2.081342e-01 -4.274487e-01 -1.536566e-02 9.998315e-01 -1.003954e-02 -2.631654e-02 2.079692e-01 1.301694e-02 9.780487e-01 1.767158e+00
9.713009e-01 1.388157e-02 -2.374488e-01 -5.036832e-01 -1.681134e-02 9.998054e-01 -1.031800e-02 -2.736925e-02 2.372594e-01 1.401371e-02 9.713452e-01 1.953367e+00
9.632798e-01 1.589864e-02 -2.680284e-01 -5.944216e-01 -1.924094e-02 9.997664e-01 -9.847746e-03 -3.048272e-02 2.678092e-01 1.464325e-02 9.633607e-01 2.145697e+00
9.538553e-01 1.801150e-02 -2.997259e-01 -6.908268e-01 -2.167175e-02 9.997256e-01 -8.891978e-03 -3.102606e-02 2.994835e-01 1.497725e-02 9.539839e-01 2.337810e+00
9.425700e-01 1.987811e-02 -3.334165e-01 -7.965831e-01 -2.391065e-02 9.996821e-01 -7.995010e-03 -2.872085e-02 3.331516e-01 1.550806e-02 9.427457e-01 2.536653e+00
9.301094e-01 2.206788e-02 -3.666191e-01 -9.109422e-01 -2.676879e-02 9.996117e-01 -7.742607e-03 -2.527881e-02 3.663058e-01 1.701542e-02 9.303389e-01 2.730134e+00
9.162136e-01 2.409056e-02 -3.999653e-01 -1.033647e+00 -2.949784e-02 9.995377e-01 -7.367896e-03 -2.073684e-02 3.996029e-01 1.854868e-02 9.165007e-01 2.924371e+00
9.002356e-01 2.419795e-02 -4.347302e-01 -1.169972e+00 -3.020064e-02 9.995200e-01 -6.903941e-03 -1.563821e-02 4.343545e-01 1.934431e-02 9.005343e-01 3.119658e+00
8.817562e-01 1.915355e-02 -4.713163e-01 -1.300943e+00 -2.598823e-02 9.996303e-01 -7.996364e-03 -9.349047e-03 4.709889e-01 1.929952e-02 8.819280e-01 3.311719e+00
8.604588e-01 1.391597e-02 -5.093300e-01 -1.442243e+00 -2.137390e-02 9.997329e-01 -8.794116e-03 -6.759853e-03 5.090715e-01 1.845334e-02 8.605264e-01 3.503612e+00
8.353079e-01 1.596008e-02 -5.495507e-01 -1.599254e+00 -2.268729e-02 9.997278e-01 -5.450151e-03 -1.543640e-02 5.493141e-01 1.702037e-02 8.354426e-01 3.680180e+00
8.060259e-01 2.185274e-02 -5.914767e-01 -1.779439e+00 -2.818419e-02 9.996017e-01 -1.476231e-03 -2.250739e-02 5.912088e-01 1.786017e-02 8.063207e-01 3.852253e+00
7.730590e-01 2.496754e-02 -6.338426e-01 -1.970475e+00 -3.173256e-02 9.994962e-01 6.686590e-04 -2.927201e-02 6.335399e-01 1.959653e-02 7.734618e-01 4.018421e+00
7.364981e-01 2.457810e-02 -6.759929e-01 -2.172701e+00 -3.185580e-02 9.994911e-01 1.632942e-03 -3.298292e-02 6.756890e-01 2.033164e-02 7.369063e-01 4.187721e+00
6.960800e-01 2.058904e-02 -7.176689e-01 -2.390297e+00 -2.635637e-02 9.996478e-01 3.115146e-03 -3.349298e-02 7.174803e-01 1.674675e-02 6.963775e-01 4.359212e+00
6.527008e-01 1.694546e-02 -7.574263e-01 -2.625209e+00 -2.140420e-02 9.997632e-01 3.922369e-03 -3.251959e-02 7.573134e-01 1.365197e-02 6.529089e-01 4.523196e+00
6.073960e-01 1.648751e-02 -7.942281e-01 -2.884812e+00 -1.936829e-02 9.997948e-01 5.942755e-03 -2.970243e-02 7.941630e-01 1.177324e-02 6.075907e-01 4.674043e+00
5.586631e-01 1.714639e-02 -8.292174e-01 -3.161595e+00 -1.728095e-02 9.998099e-01 9.031286e-03 -2.712530e-02 8.292146e-01 9.284221e-03 5.588532e-01 4.813612e+00
5.067493e-01 1.791738e-02 -8.619072e-01 -3.455967e+00 -1.558620e-02 9.998110e-01 1.162039e-02 -3.064986e-02 8.619525e-01 7.545234e-03 5.069328e-01 4.945185e+00
4.529757e-01 1.931396e-02 -8.913136e-01 -3.772021e+00 -1.488697e-02 9.997898e-01 1.409881e-02 -2.728248e-02 8.913985e-01 6.882536e-03 4.531680e-01 5.074832e+00
3.974261e-01 2.125949e-02 -9.173879e-01 -4.108478e+00 -1.421298e-02 9.997543e-01 1.701097e-02 -2.060008e-02 9.175241e-01 6.278211e-03 3.976306e-01 5.190543e+00
3.412012e-01 2.307501e-02 -9.397070e-01 -4.454033e+00 -1.392895e-02 9.997130e-01 1.949098e-02 -1.393856e-02 9.398871e-01 6.438789e-03 3.414247e-01 5.279834e+00
2.859063e-01 2.598588e-02 -9.579052e-01 -4.788247e+00 -1.170710e-02 9.996524e-01 2.362417e-02 -8.750952e-03 9.581861e-01 4.459999e-03 2.861111e-01 5.331449e+00
2.317591e-01 2.790854e-02 -9.723728e-01 -5.142020e+00 -7.423064e-03 9.996100e-01 2.692104e-02 -1.322837e-02 9.727449e-01 9.787875e-04 2.318759e-01 5.387128e+00
1.806885e-01 2.826624e-02 -9.831341e-01 -5.519734e+00 -4.349065e-03 9.996001e-01 2.794035e-02 -1.409481e-02 9.835308e-01 -7.727844e-04 1.807391e-01 5.423478e+00
1.330964e-01 2.916198e-02 -9.906740e-01 -5.926958e+00 -6.238074e-03 9.995719e-01 2.858582e-02 -1.122935e-02 9.910835e-01 2.375228e-03 1.332213e-01 5.437336e+00
9.073488e-02 2.926204e-02 -9.954451e-01 -6.346471e+00 -8.976151e-03 9.995516e-01 2.856458e-02 -9.778151e-04 9.958346e-01 6.343462e-03 9.095686e-02 5.434219e+00
5.279762e-02 2.766513e-02 -9.982219e-01 -6.786685e+00 -1.054383e-02 9.995759e-01 2.714497e-02 7.885723e-03 9.985496e-01 9.091894e-03 5.306692e-02 5.423148e+00
1.839602e-02 2.482772e-02 -9.995225e-01 -7.233563e+00 -9.763262e-03 9.996484e-01 2.465116e-02 1.457096e-02 9.997831e-01 9.305116e-03 1.863195e-02 5.401963e+00
-1.284323e-02 2.198531e-02 -9.996758e-01 -7.702240e+00 -9.734873e-03 9.997081e-01 2.211109e-02 1.801547e-02 9.998701e-01 1.001569e-02 -1.262546e-02 5.365877e+00
-3.931662e-02 2.002720e-02 -9.990261e-01 -8.189542e+00 -1.040584e-02 9.997367e-01 2.045097e-02 2.160834e-02 9.991726e-01 1.119977e-02 -3.909787e-02 5.321347e+00
-6.005089e-02 1.727379e-02 -9.980458e-01 -8.694916e+00 -1.144799e-02 9.997726e-01 1.799249e-02 3.448574e-02 9.981297e-01 1.250609e-02 -5.983949e-02 5.270857e+00
-7.618410e-02 1.625307e-02 -9.969613e-01 -9.212395e+00 -1.092799e-02 9.997935e-01 1.713432e-02 4.504205e-02 9.970339e-01 1.220014e-02 -7.599075e-02 5.214925e+00
-8.922754e-02 1.656075e-02 -9.958736e-01 -9.751597e+00 -9.960072e-03 9.997969e-01 1.751839e-02 5.268889e-02 9.959615e-01 1.148210e-02 -8.904448e-02 5.153593e+00
-9.876306e-02 1.747776e-02 -9.949575e-01 -1.030407e+01 -1.156960e-02 9.997580e-01 1.871053e-02 5.421354e-02 9.950437e-01 1.335916e-02 -9.853695e-02 5.085904e+00
-1.054699e-01 1.868103e-02 -9.942470e-01 -1.087821e+01 -1.360024e-02 9.997029e-01 2.022626e-02 5.515609e-02 9.943295e-01 1.565526e-02 -1.051845e-01 5.011987e+00
-1.099041e-01 1.946722e-02 -9.937515e-01 -1.146845e+01 -1.395042e-02 9.996795e-01 2.112619e-02 6.112529e-02 9.938443e-01 1.618511e-02 -1.095973e-01 4.940414e+00
-1.112593e-01 1.987049e-02 -9.935927e-01 -1.207742e+01 -1.187616e-02 9.997021e-01 2.132252e-02 7.399303e-02 9.937204e-01 1.417240e-02 -1.109901e-01 4.869779e+00
-1.103483e-01 2.184787e-02 -9.936528e-01 -1.270248e+01 -9.943597e-03 9.996841e-01 2.308475e-02 8.527477e-02 9.938432e-01 1.242785e-02 -1.100962e-01 4.798974e+00
-1.089358e-01 2.412735e-02 -9.937559e-01 -1.333811e+01 -1.082502e-02 9.996173e-01 2.545630e-02 9.074109e-02 9.939898e-01 1.353053e-02 -1.086329e-01 4.728134e+00
-1.072561e-01 2.389154e-02 -9.939443e-01 -1.399220e+01 -1.302174e-02 9.995917e-01 2.543246e-02 9.928212e-02 9.941461e-01 1.567067e-02 -1.069012e-01 4.652333e+00
-1.056426e-01 2.118367e-02 -9.941785e-01 -1.465719e+01 -1.535452e-02 9.996191e-01 2.293119e-02 1.063760e-01 9.942856e-01 1.768765e-02 -1.052771e-01 4.576572e+00
-1.042937e-01 2.087087e-02 -9.943275e-01 -1.533929e+01 -1.568286e-02 9.996210e-01 2.262693e-02 1.205313e-01 9.944229e-01 1.795375e-02 -1.039268e-01 4.502221e+00
-1.025968e-01 2.338838e-02 -9.944480e-01 -1.604558e+01 -1.576126e-02 9.995598e-01 2.513469e-02 1.349953e-01 9.945982e-01 1.825250e-02 -1.021830e-01 4.428784e+00
-1.007344e-01 2.675375e-02 -9.945536e-01 -1.676785e+01 -1.690508e-02 9.994480e-01 2.859766e-02 1.471170e-01 9.947697e-01 1.969378e-02 -1.002265e-01 4.350934e+00
-9.890936e-02 2.872031e-02 -9.946819e-01 -1.750701e+01 -1.790535e-02 9.993702e-01 3.063615e-02 1.540716e-01 9.949353e-01 2.084033e-02 -9.833282e-02 4.270395e+00
-9.708924e-02 2.789579e-02 -9.948847e-01 -1.825756e+01 -2.004699e-02 9.993495e-01 2.997733e-02 1.667363e-01 9.950738e-01 2.285492e-02 -9.646686e-02 4.188239e+00
-9.540387e-02 2.460959e-02 -9.951344e-01 -1.901237e+01 -2.282769e-02 9.993774e-01 2.690302e-02 1.809193e-01 9.951769e-01 2.528327e-02 -9.478269e-02 4.108926e+00
-9.365828e-02 2.390411e-02 -9.953174e-01 -1.978779e+01 -2.386959e-02 9.993705e-01 2.624755e-02 1.941910e-01 9.953182e-01 2.621612e-02 -9.302874e-02 4.022817e+00
-9.215089e-02 2.617975e-02 -9.954008e-01 -2.057299e+01 -2.159641e-02 9.993666e-01 2.828338e-02 2.065288e-01 9.955108e-01 2.410343e-02 -9.152714e-02 3.949816e+00
-9.110894e-02 2.823019e-02 -9.954407e-01 -2.136332e+01 -1.977979e-02 9.993496e-01 3.015142e-02 2.150905e-01 9.956445e-01 2.243667e-02 -9.049130e-02 3.879214e+00
-8.990666e-02 2.977084e-02 -9.955051e-01 -2.216523e+01 -1.929656e-02 9.993134e-01 3.162745e-02 2.272684e-01 9.957632e-01 2.205334e-02 -8.927046e-02 3.804119e+00
-8.919546e-02 2.499186e-02 -9.957005e-01 -2.296663e+01 -1.948742e-02 9.994500e-01 2.683166e-02 2.368377e-01 9.958235e-01 2.179690e-02 -8.865938e-02 3.726435e+00
-8.890365e-02 1.787434e-02 -9.958798e-01 -2.377594e+01 -1.824629e-02 9.996420e-01 1.957073e-02 2.431855e-01 9.958731e-01 1.991102e-02 -8.854568e-02 3.649181e+00
-8.901248e-02 1.304458e-02 -9.959451e-01 -2.459049e+01 -1.591485e-02 9.997680e-01 1.451704e-02 2.536390e-01 9.959034e-01 1.714251e-02 -8.878422e-02 3.576947e+00
-8.957149e-02 1.369976e-02 -9.958862e-01 -2.541672e+01 -1.526908e-02 9.997690e-01 1.512650e-02 2.586347e-01 9.958633e-01 1.656117e-02 -8.934162e-02 3.502111e+00
-8.952937e-02 2.091569e-02 -9.957645e-01 -2.625556e+01 -1.595566e-02 9.996211e-01 2.243127e-02 2.633413e-01 9.958564e-01 1.789634e-02 -8.916172e-02 3.418885e+00
-8.978589e-02 2.783901e-02 -9.955719e-01 -2.710671e+01 -1.747262e-02 9.994114e-01 2.952215e-02 2.717551e-01 9.958078e-01 2.004593e-02 -8.924663e-02 3.333378e+00
-9.012970e-02 3.307597e-02 -9.953806e-01 -2.795524e+01 -1.972758e-02 9.991930e-01 3.498895e-02 2.789878e-01 9.957346e-01 2.278999e-02 -8.940446e-02 3.247134e+00
-9.055796e-02 3.317928e-02 -9.953383e-01 -2.880175e+01 -2.175379e-02 9.991405e-01 3.528523e-02 2.910384e-01 9.956536e-01 2.484774e-02 -8.975835e-02 3.162819e+00
-9.088259e-02 2.962063e-02 -9.954210e-01 -2.964590e+01 -2.226512e-02 9.992473e-01 3.176731e-02 3.012647e-01 9.956127e-01 2.505026e-02 -9.015467e-02 3.076793e+00
-9.128023e-02 2.685443e-02 -9.954631e-01 -3.048518e+01 -2.274214e-02 9.993194e-01 2.904383e-02 3.123439e-01 9.955655e-01 2.529009e-02 -9.060738e-02 2.996118e+00
-9.125349e-02 2.779805e-02 -9.954396e-01 -3.132976e+01 -2.491384e-02 9.992337e-01 3.018789e-02 3.253180e-01 9.955160e-01 2.755497e-02 -9.049101e-02 2.907692e+00
-9.107311e-02 2.998287e-02 -9.953927e-01 -3.217312e+01 -2.587792e-02 9.991379e-01 3.246337e-02 3.357751e-01 9.955079e-01 2.871523e-02 -9.021870e-02 2.822080e+00
-9.092503e-02 2.822513e-02 -9.954577e-01 -3.301424e+01 -2.722749e-02 9.991541e-01 3.081689e-02 3.417516e-01 9.954855e-01 2.990584e-02 -9.007962e-02 2.736071e+00
-9.053830e-02 2.293986e-02 -9.956287e-01 -3.384495e+01 -2.878752e-02 9.992566e-01 2.564127e-02 3.492341e-01 9.954768e-01 3.098319e-02 -8.981062e-02 2.654655e+00
-9.022349e-02 1.856688e-02 -9.957485e-01 -3.468187e+01 -3.057634e-02 9.993032e-01 2.140365e-02 3.587507e-01 9.954521e-01 3.237746e-02 -8.959292e-02 2.568086e+00
-8.960732e-02 1.915861e-02 -9.957929e-01 -3.552128e+01 -3.075666e-02 9.992849e-01 2.199346e-02 3.633902e-01 9.955022e-01 3.259804e-02 -8.895399e-02 2.484511e+00
-8.892947e-02 2.136814e-02 -9.958087e-01 -3.636190e+01 -3.055696e-02 9.992407e-01 2.417063e-02 3.662850e-01 9.955691e-01 3.257837e-02 -8.820900e-02 2.403407e+00
-8.846483e-02 2.611522e-02 -9.957369e-01 -3.720987e+01 -3.103676e-02 9.990986e-01 2.896081e-02 3.717273e-01 9.955956e-01 3.346646e-02 -8.757455e-02 2.321467e+00
-8.769034e-02 3.159783e-02 -9.956465e-01 -3.806174e+01 -3.045635e-02 9.989445e-01 3.438490e-02 3.826771e-01 9.956821e-01 3.333898e-02 -8.663543e-02 2.236572e+00
-8.782761e-02 3.462559e-02 -9.955337e-01 -3.890576e+01 -3.099220e-02 9.988169e-01 3.747397e-02 3.931065e-01 9.956535e-01 3.414503e-02 -8.665057e-02 2.154712e+00
-8.755029e-02 3.430473e-02 -9.955693e-01 -3.974253e+01 -3.109555e-02 9.988257e-01 3.715148e-02 4.062758e-01 9.956747e-01 3.421040e-02 -8.638076e-02 2.075891e+00
-8.743626e-02 2.972011e-02 -9.957267e-01 -4.057209e+01 -3.111829e-02 9.989856e-01 3.254992e-02 4.213219e-01 9.956840e-01 3.383135e-02 -8.642272e-02 1.996600e+00
-8.693085e-02 2.518651e-02 -9.958959e-01 -4.140590e+01 -3.237530e-02 9.990809e-01 2.809307e-02 4.330983e-01 9.956881e-01 3.468458e-02 -8.603553e-02 1.913059e+00
-8.678276e-02 2.226255e-02 -9.959785e-01 -4.223432e+01 -3.673858e-02 9.989987e-01 2.553121e-02 4.397054e-01 9.955496e-01 3.880650e-02 -8.587797e-02 1.830069e+00
-8.715491e-02 2.037668e-02 -9.959864e-01 -4.306655e+01 -4.047649e-02 9.988927e-01 2.397808e-02 4.444011e-01 9.953721e-01 4.240384e-02 -8.623363e-02 1.743639e+00
-8.789485e-02 1.844004e-02 -9.959591e-01 -4.390048e+01 -3.854481e-02 9.990169e-01 2.189829e-02 4.453649e-01 9.953837e-01 4.031380e-02 -8.709767e-02 1.665739e+00
-8.903606e-02 1.477802e-02 -9.959188e-01 -4.473197e+01 -3.538039e-02 9.992120e-01 1.798993e-02 4.466288e-01 9.953998e-01 3.683774e-02 -8.844305e-02 1.586663e+00
-8.965059e-02 1.312348e-02 -9.958868e-01 -4.556162e+01 -3.128926e-02 9.993825e-01 1.598623e-02 4.496225e-01 9.954817e-01 3.259373e-02 -8.918461e-02 1.505952e+00
-9.160447e-02 1.653122e-02 -9.956582e-01 -4.639121e+01 -3.118973e-02 9.993240e-01 1.946166e-02 4.497053e-01 9.953069e-01 3.283709e-02 -9.102694e-02 1.426346e+00
-9.322974e-02 2.260186e-02 -9.953881e-01 -4.722146e+01 -2.888195e-02 9.992602e-01 2.539492e-02 4.513654e-01 9.952256e-01 3.111631e-02 -9.250798e-02 1.343226e+00
-9.502643e-02 2.625291e-02 -9.951285e-01 -4.804613e+01 -2.734772e-02 9.992060e-01 2.897196e-02 4.547017e-01 9.950990e-01 2.996760e-02 -9.423303e-02 1.259438e+00
-9.653198e-02 2.529731e-02 -9.950084e-01 -4.885418e+01 -2.793661e-02 9.992143e-01 2.811455e-02 4.583620e-01 9.949377e-01 3.051112e-02 -9.574941e-02 1.177215e+00
-9.752724e-02 2.119157e-02 -9.950072e-01 -4.965737e+01 -3.167551e-02 9.992007e-01 2.438561e-02 4.617549e-01 9.947287e-01 3.389562e-02 -9.677803e-02 1.086133e+00
-9.868861e-02 1.729603e-02 -9.949680e-01 -5.045501e+01 -3.689678e-02 9.990978e-01 2.102753e-02 4.670746e-01 9.944341e-01 3.878629e-02 -9.796141e-02 9.929387e-01
-1.000704e-01 1.579241e-02 -9.948550e-01 -5.124987e+01 -4.097269e-02 9.989605e-01 1.997893e-02 4.706282e-01 9.941364e-01 4.276118e-02 -9.931929e-02 9.009295e-01
-1.010877e-01 1.669033e-02 -9.947375e-01 -5.205105e+01 -4.364667e-02 9.988222e-01 2.119435e-02 4.699865e-01 9.939196e-01 4.555947e-02 -1.002402e-01 8.105211e-01
-1.020873e-01 1.811711e-02 -9.946105e-01 -5.283943e+01 -4.334936e-02 9.988034e-01 2.264288e-02 4.723532e-01 9.938305e-01 4.542727e-02 -1.011797e-01 7.251636e-01
-1.030081e-01 1.739436e-02 -9.945284e-01 -5.362394e+01 -4.576656e-02 9.987053e-01 2.220767e-02 4.749967e-01 9.936271e-01 4.780371e-02 -1.020786e-01 6.355468e-01
-1.034963e-01 1.706644e-02 -9.944834e-01 -5.440526e+01 -4.699799e-02 9.986520e-01 2.202908e-02 4.768628e-01 9.935189e-01 4.901865e-02 -1.025547e-01 5.456143e-01
-1.039843e-01 1.868843e-02 -9.944033e-01 -5.519419e+01 -4.594574e-02 9.986658e-01 2.357306e-02 4.813719e-01 9.935171e-01 4.813983e-02 -1.029869e-01 4.558962e-01
-1.041815e-01 2.135451e-02 -9.943290e-01 -5.597111e+01 -4.558046e-02 9.986164e-01 2.622232e-02 4.871263e-01 9.935133e-01 4.805386e-02 -1.030640e-01 3.690488e-01
-1.043489e-01 2.533535e-02 -9.942180e-01 -5.674349e+01 -4.606456e-02 9.984795e-01 3.027868e-02 4.933520e-01 9.934734e-01 4.895776e-02 -1.030231e-01 2.800060e-01
-1.048772e-01 2.715712e-02 -9.941143e-01 -5.750931e+01 -4.660510e-02 9.983946e-01 3.219080e-02 5.021985e-01 9.933925e-01 4.970687e-02 -1.034432e-01 1.939014e-01
-1.055345e-01 2.693731e-02 -9.940507e-01 -5.826983e+01 -4.650461e-02 9.984056e-01 3.199253e-02 5.111699e-01 9.933276e-01 4.960426e-02 -1.041136e-01 1.072416e-01
-1.056885e-01 2.457633e-02 -9.940955e-01 -5.902743e+01 -4.616409e-02 9.984954e-01 2.959310e-02 5.220935e-01 9.933271e-01 4.901916e-02 -1.043949e-01 1.668140e-02
-1.059132e-01 2.080112e-02 -9.941578e-01 -5.976460e+01 -4.624092e-02 9.985966e-01 2.582030e-02 5.294008e-01 9.932996e-01 4.870548e-02 -1.048027e-01 -6.667499e-02
-1.055451e-01 1.778150e-02 -9.942555e-01 -6.049538e+01 -4.681147e-02 9.986428e-01 2.282923e-02 5.346194e-01 9.933121e-01 4.895208e-02 -1.045695e-01 -1.549928e-01
-1.042526e-01 1.527550e-02 -9.944335e-01 -6.121801e+01 -4.776102e-02 9.986515e-01 2.034737e-02 5.376317e-01 9.934034e-01 4.961643e-02 -1.033824e-01 -2.413537e-01
-1.017710e-01 1.431803e-02 -9.947048e-01 -6.192636e+01 -5.058628e-02 9.985284e-01 1.954868e-02 5.386314e-01 9.935209e-01 5.230790e-02 -1.008969e-01 -3.265068e-01
-9.767343e-02 1.505208e-02 -9.951047e-01 -6.262022e+01 -5.130866e-02 9.984798e-01 2.013928e-02 5.385185e-01 9.938950e-01 5.302457e-02 -9.675264e-02 -4.030839e-01
-9.185082e-02 1.637379e-02 -9.956382e-01 -6.329589e+01 -5.087265e-02 9.984819e-01 2.111372e-02 5.406081e-01 9.944724e-01 5.259007e-02 -9.087841e-02 -4.680975e-01
-8.454772e-02 1.778944e-02 -9.962606e-01 -6.395379e+01 -5.044838e-02 9.984819e-01 2.211040e-02 5.398510e-01 9.951415e-01 5.212912e-02 -8.352192e-02 -5.280904e-01
-7.571502e-02 1.907763e-02 -9.969470e-01 -6.459726e+01 -5.159679e-02 9.984026e-01 2.302410e-02 5.371510e-01 9.957937e-01 5.318253e-02 -7.460973e-02 -5.821788e-01
-6.383605e-02 2.064668e-02 -9.977468e-01 -6.522345e+01 -5.408361e-02 9.982451e-01 2.411728e-02 5.369886e-01 9.964938e-01 5.550130e-02 -6.260738e-02 -6.253951e-01
-4.884116e-02 2.198910e-02 -9.985645e-01 -6.584036e+01 -5.760768e-02 9.980313e-01 2.479503e-02 5.393667e-01 9.971439e-01 5.873600e-02 -4.747827e-02 -6.603789e-01
-3.039350e-02 2.294333e-02 -9.992747e-01 -6.642750e+01 -5.957559e-02 9.979176e-01 2.472420e-02 5.458372e-01 9.977610e-01 6.028383e-02 -2.896335e-02 -6.749523e-01
-8.328832e-03 2.371352e-02 -9.996841e-01 -6.700274e+01 -6.075698e-02 9.978598e-01 2.417644e-02 5.450775e-01 9.981178e-01 6.093915e-02 -6.870245e-03 -6.721202e-01
1.722759e-02 2.404482e-02 -9.995624e-01 -6.755760e+01 -6.046979e-02 9.979059e-01 2.296277e-02 5.449906e-01 9.980213e-01 6.004774e-02 1.864549e-02 -6.507993e-01
4.642439e-02 2.370358e-02 -9.986405e-01 -6.808834e+01 -5.899323e-02 9.980386e-01 2.094684e-02 5.413525e-01 9.971783e-01 5.794058e-02 4.773168e-02 -6.050135e-01
8.036507e-02 2.372718e-02 -9.964831e-01 -6.859522e+01 -5.762727e-02 9.981551e-01 1.911942e-02 5.387083e-01 9.950983e-01 5.588807e-02 8.158414e-02 -5.393845e-01
1.178988e-01 2.404246e-02 -9.927345e-01 -6.908420e+01 -5.664476e-02 9.982419e-01 1.744862e-02 5.357060e-01 9.914087e-01 5.417603e-02 1.190534e-01 -4.520878e-01
1.585517e-01 2.372769e-02 -9.870655e-01 -6.956264e+01 -5.631739e-02 9.983010e-01 1.495155e-02 5.307253e-01 9.857432e-01 5.321837e-02 1.596186e-01 -3.439292e-01
2.037304e-01 2.461566e-02 -9.787175e-01 -7.003241e+01 -5.481600e-02 9.984025e-01 1.370022e-02 5.266981e-01 9.774912e-01 5.085823e-02 2.047542e-01 -2.169015e-01
2.523847e-01 2.331718e-02 -9.673460e-01 -7.048719e+01 -5.087031e-02 9.986469e-01 1.079938e-02 5.183567e-01 9.662889e-01 4.648359e-02 2.532294e-01 -6.784634e-02
3.025021e-01 1.854317e-02 -9.529683e-01 -7.092803e+01 -4.256447e-02 9.990761e-01 5.929050e-03 5.082068e-01 9.521979e-01 3.876904e-02 3.030119e-01 1.187651e-01
3.543381e-01 1.324211e-02 -9.350236e-01 -7.134846e+01 -3.676833e-02 9.993238e-01 2.189571e-04 5.016953e-01 9.343942e-01 3.430168e-02 3.545854e-01 3.134124e-01
4.075665e-01 8.534931e-03 -9.131356e-01 -7.176887e+01 -3.083400e-02 9.995147e-01 -4.420063e-03 4.959730e-01 9.126548e-01 2.995709e-02 4.076319e-01 5.263802e-01
4.598095e-01 7.983436e-03 -8.879817e-01 -7.218147e+01 -3.023687e-02 9.995205e-01 -6.670848e-03 4.941806e-01 8.875027e-01 2.991711e-02 4.598304e-01 7.539760e-01
5.094682e-01 6.664594e-03 -8.604636e-01 -7.258840e+01 -2.778531e-02 9.995760e-01 -8.709216e-03 4.920541e-01 8.600407e-01 2.834532e-02 5.094374e-01 9.994693e-01
5.549732e-01 2.881947e-03 -8.318632e-01 -7.294889e+01 -1.898192e-02 9.997775e-01 -9.200013e-03 4.769550e-01 8.316516e-01 2.089612e-02 5.549045e-01 1.281312e+00
5.991350e-01 -3.231771e-03 -8.006415e-01 -7.328638e+01 -7.327838e-03 9.999278e-01 -9.519744e-03 4.579729e-01 8.006145e-01 1.157058e-02 5.990680e-01 1.587241e+00
6.419433e-01 -7.874730e-03 -7.667116e-01 -7.361016e+01 -4.024701e-03 9.998989e-01 -1.363950e-02 4.339497e-01 7.667415e-01 1.184157e-02 6.418467e-01 1.897913e+00
6.836142e-01 -1.262012e-02 -7.297344e-01 -7.392330e+01 -5.263936e-03 9.997392e-01 -2.222086e-02 4.194964e-01 7.298245e-01 1.903177e-02 6.833695e-01 2.218576e+00
7.245506e-01 -1.930202e-02 -6.889512e-01 -7.421480e+01 -6.682426e-03 9.993640e-01 -3.502642e-02 4.042482e-01 6.891892e-01 2.998228e-02 7.239609e-01 2.558211e+00
7.640927e-01 -2.267146e-02 -6.447080e-01 -7.450189e+01 -8.520814e-03 9.989404e-01 -4.522688e-02 3.963678e-01 6.450502e-01 4.005096e-02 7.630899e-01 2.932774e+00
8.012751e-01 -2.333557e-02 -5.978409e-01 -7.476826e+01 -7.884448e-03 9.987405e-01 -4.955130e-02 3.783186e-01 5.982442e-01 4.441787e-02 8.000818e-01 3.333456e+00
8.354003e-01 -2.460677e-02 -5.490910e-01 -7.502212e+01 -5.220454e-03 9.985971e-01 -5.269331e-02 3.584725e-01 5.496173e-01 4.688651e-02 8.340998e-01 3.765495e+00
8.661998e-01 -2.241000e-02 -4.991951e-01 -7.526376e+01 -6.368895e-03 9.984176e-01 -5.587248e-02 3.290077e-01 4.996573e-01 5.157605e-02 8.646864e-01 4.218572e+00
8.922292e-01 -1.985363e-02 -4.511463e-01 -7.548369e+01 -5.573566e-03 9.984729e-01 -5.496268e-02 2.894857e-01 4.515485e-01 5.155380e-02 8.907559e-01 4.703351e+00
9.133877e-01 -1.245249e-02 -4.069004e-01 -7.568539e+01 -1.064478e-02 9.984597e-01 -5.445095e-02 2.501174e-01 4.069517e-01 5.406619e-02 9.118482e-01 5.207042e+00
9.308468e-01 -7.892283e-03 -3.653243e-01 -7.587424e+01 -1.377817e-02 9.982977e-01 -5.667352e-02 2.166174e-01 3.651497e-01 5.778787e-02 9.291535e-01 5.729407e+00
9.444343e-01 -2.346837e-03 -3.286918e-01 -7.605659e+01 -1.691926e-02 9.983018e-01 -5.574212e-02 1.835652e-01 3.282644e-01 5.820599e-02 9.427908e-01 6.275741e+00
9.544427e-01 -5.891076e-04 -2.983935e-01 -7.622512e+01 -1.629468e-02 9.984030e-01 -5.409135e-02 1.403694e-01 2.979489e-01 5.648932e-02 9.529089e-01 6.853485e+00
9.617644e-01 -4.037831e-04 -2.738778e-01 -7.638120e+01 -1.465003e-02 9.984914e-01 -5.291796e-02 9.855796e-02 2.734860e-01 5.490693e-02 9.603076e-01 7.442386e+00
9.675278e-01 6.301978e-04 -2.527637e-01 -7.652896e+01 -1.401928e-02 9.985914e-01 -5.117323e-02 5.406076e-02 2.523754e-01 5.305509e-02 9.661738e-01 8.042634e+00
9.721315e-01 3.692154e-03 -2.344071e-01 -7.667933e+01 -1.558459e-02 9.986820e-01 -4.890202e-02 1.426741e-02 2.339176e-01 5.119234e-02 9.709078e-01 8.666331e+00
9.757023e-01 9.206549e-03 -2.189071e-01 -7.682720e+01 -2.008693e-02 9.986678e-01 -4.752965e-02 -2.716098e-02 2.181779e-01 5.077196e-02 9.745874e-01 9.302910e+00
9.785706e-01 1.371297e-02 -2.054545e-01 -7.697153e+01 -2.374732e-02 9.986381e-01 -4.645375e-02 -7.172912e-02 2.045377e-01 5.033727e-02 9.775635e-01 9.956170e+00
9.812895e-01 1.282886e-02 -1.921100e-01 -7.710857e+01 -2.225179e-02 9.986483e-01 -4.697267e-02 -1.132971e-01 1.912478e-01 5.036858e-02 9.802486e-01 1.063070e+01
9.838768e-01 1.331901e-02 -1.783509e-01 -7.723362e+01 -2.215857e-02 9.986177e-01 -4.766280e-02 -1.542387e-01 1.774695e-01 5.084633e-02 9.828119e-01 1.132115e+01
9.864093e-01 1.398596e-02 -1.637106e-01 -7.735274e+01 -2.203577e-02 9.986301e-01 -4.745866e-02 -1.931005e-01 1.628225e-01 5.042115e-02 9.853662e-01 1.202563e+01
9.886422e-01 1.586664e-02 -1.494483e-01 -7.746434e+01 -2.313951e-02 9.986244e-01 -4.705225e-02 -2.373389e-01 1.484962e-01 4.997600e-02 9.876494e-01 1.274126e+01
9.904616e-01 1.645125e-02 -1.368035e-01 -7.756653e+01 -2.348761e-02 9.984740e-01 -4.997995e-02 -2.866065e-01 1.357725e-01 5.271641e-02 9.893365e-01 1.346987e+01
9.919065e-01 1.774912e-02 -1.257238e-01 -7.766235e+01 -2.488253e-02 9.981543e-01 -5.539749e-02 -3.397201e-01 1.245085e-01 5.807746e-02 9.905174e-01 1.420324e+01
9.931012e-01 1.637763e-02 -1.161108e-01 -7.775086e+01 -2.367780e-02 9.978092e-01 -6.177467e-02 -3.886691e-01 1.148447e-01 6.409775e-02 9.913134e-01 1.495416e+01
9.940191e-01 1.669149e-02 -1.079233e-01 -7.784037e+01 -2.351026e-02 9.977854e-01 -6.222122e-02 -4.403070e-01 1.066458e-01 6.438639e-02 9.922102e-01 1.572555e+01
9.946907e-01 1.914890e-02 -1.011127e-01 -7.792515e+01 -2.492763e-02 9.981083e-01 -5.620065e-02 -4.987717e-01 9.984521e-02 5.842276e-02 9.932863e-01 1.649739e+01
9.950947e-01 2.412797e-02 -9.593914e-02 -7.800983e+01 -2.883987e-02 9.984293e-01 -4.803395e-02 -5.611259e-01 9.462948e-02 5.056521e-02 9.942275e-01 1.727321e+01
9.954858e-01 2.535349e-02 -9.146190e-02 -7.809153e+01 -2.951169e-02 9.985778e-01 -4.440131e-02 -6.174778e-01 9.020609e-02 4.690007e-02 9.948182e-01 1.805374e+01
9.958360e-01 2.380533e-02 -8.799991e-02 -7.816398e+01 -2.792134e-02 9.985584e-01 -4.584168e-02 -6.641231e-01 8.678177e-02 4.810787e-02 9.950651e-01 1.882791e+01
9.961119e-01 2.362333e-02 -8.487082e-02 -7.823758e+01 -2.767381e-02 9.985176e-01 -4.687003e-02 -7.158748e-01 8.363778e-02 4.903649e-02 9.952890e-01 1.960273e+01
9.963916e-01 2.214728e-02 -8.193445e-02 -7.830775e+01 -2.589056e-02 9.986555e-01 -4.490943e-02 -7.631030e-01 8.082967e-02 4.686870e-02 9.956254e-01 2.038178e+01
9.966244e-01 2.079210e-02 -7.941931e-02 -7.837114e+01 -2.422974e-02 9.987997e-01 -4.256915e-02 -8.160644e-01 7.843888e-02 4.434976e-02 9.959319e-01 2.115573e+01
9.968998e-01 1.884912e-02 -7.639019e-02 -7.843556e+01 -2.202970e-02 9.989159e-01 -4.100938e-02 -8.649922e-01 7.553439e-02 4.256510e-02 9.962343e-01 2.193452e+01
9.971165e-01 1.838316e-02 -7.362617e-02 -7.850002e+01 -2.171780e-02 9.987621e-01 -4.475008e-02 -9.161023e-01 7.271238e-02 4.622004e-02 9.962814e-01 2.270518e+01
9.971819e-01 2.154674e-02 -7.186155e-02 -7.856816e+01 -2.533750e-02 9.983118e-01 -5.226346e-02 -9.673060e-01 7.061412e-02 5.393697e-02 9.960444e-01 2.346756e+01
9.972908e-01 2.233363e-02 -7.008737e-02 -7.863123e+01 -2.657299e-02 9.978356e-01 -6.014925e-02 -1.019716e+00 6.859232e-02 6.184872e-02 9.957258e-01 2.422667e+01
9.973522e-01 2.349037e-02 -6.882500e-02 -7.868996e+01 -2.794145e-02 9.975303e-01 -6.444029e-02 -1.074404e+00 6.714129e-02 6.619274e-02 9.955454e-01 2.498766e+01
9.974504e-01 2.578152e-02 -6.654288e-02 -7.874929e+01 -2.997826e-02 9.975720e-01 -6.286030e-02 -1.136905e+00 6.476068e-02 6.469487e-02 9.958015e-01 2.575129e+01
9.975103e-01 2.962860e-02 -6.399521e-02 -7.881239e+01 -3.342605e-02 9.976918e-01 -5.910781e-02 -1.199313e+00 6.209621e-02 6.109975e-02 9.961982e-01 2.651808e+01
9.975389e-01 3.348761e-02 -6.160174e-02 -7.887143e+01 -3.684914e-02 9.978463e-01 -5.426726e-02 -1.256783e+00 5.965178e-02 5.640367e-02 9.966244e-01 2.728118e+01
9.977562e-01 3.128911e-02 -5.919062e-02 -7.891831e+01 -3.441923e-02 9.980211e-01 -5.262328e-02 -1.308754e+00 5.742695e-02 5.454250e-02 9.968587e-01 2.804192e+01
9.979031e-01 2.853766e-02 -5.809554e-02 -7.896089e+01 -3.162518e-02 9.980968e-01 -5.293895e-02 -1.361563e+00 5.647422e-02 5.466522e-02 9.969064e-01 2.879481e+01
9.980112e-01 2.695338e-02 -5.698411e-02 -7.900607e+01 -2.998199e-02 9.981454e-01 -5.297927e-02 -1.416193e+00 5.545046e-02 5.458241e-02 9.969684e-01 2.954393e+01
9.980845e-01 2.643108e-02 -5.593426e-02 -7.905227e+01 -2.951606e-02 9.980464e-01 -5.506598e-02 -1.466021e+00 5.436953e-02 5.661146e-02 9.969148e-01 3.029492e+01
9.981613e-01 2.479957e-02 -5.530872e-02 -7.909368e+01 -2.792703e-02 9.980114e-01 -5.650889e-02 -1.517757e+00 5.379734e-02 5.794959e-02 9.968689e-01 3.104796e+01
9.982213e-01 2.422792e-02 -5.447181e-02 -7.913819e+01 -2.731327e-02 9.980216e-01 -5.662917e-02 -1.572067e+00 5.299204e-02 5.801625e-02 9.969082e-01 3.180842e+01
9.981780e-01 2.791097e-02 -5.349434e-02 -7.919099e+01 -3.089745e-02 9.979616e-01 -5.583916e-02 -1.626051e+00 5.182678e-02 5.739026e-02 9.970057e-01 3.257762e+01
9.981668e-01 2.847902e-02 -5.340416e-02 -7.924004e+01 -3.151753e-02 9.978797e-01 -5.694526e-02 -1.680615e+00 5.166919e-02 5.852403e-02 9.969480e-01 3.335073e+01
9.980693e-01 2.877194e-02 -5.504443e-02 -7.929612e+01 -3.193058e-02 9.978410e-01 -5.739195e-02 -1.737009e+00 5.327431e-02 5.903875e-02 9.968331e-01 3.414173e+01
9.980061e-01 2.699020e-02 -5.705648e-02 -7.934510e+01 -3.024840e-02 9.979139e-01 -5.703458e-02 -1.791867e+00 5.539808e-02 5.864672e-02 9.967405e-01 3.492457e+01
9.977728e-01 2.884689e-02 -6.014319e-02 -7.940140e+01 -3.229807e-02 9.978388e-01 -5.722323e-02 -1.848801e+00 5.836250e-02 5.903829e-02 9.965482e-01 3.571186e+01
9.974731e-01 3.281691e-02 -6.301155e-02 -7.946593e+01 -3.645607e-02 9.976796e-01 -5.750033e-02 -1.910448e+00 6.097835e-02 5.965219e-02 9.963550e-01 3.650839e+01
9.972784e-01 3.390707e-02 -6.546783e-02 -7.952977e+01 -3.801184e-02 9.973204e-01 -6.250660e-02 -1.970843e+00 6.317299e-02 6.482504e-02 9.958950e-01 3.729372e+01
9.970800e-01 3.474989e-02 -6.799870e-02 -7.959170e+01 -3.926049e-02 9.970362e-01 -6.616221e-02 -2.027624e+00 6.549803e-02 6.863868e-02 9.954892e-01 3.809850e+01
9.969570e-01 3.448016e-02 -6.991323e-02 -7.965420e+01 -3.923718e-02 9.969236e-01 -6.785122e-02 -2.092168e+00 6.735863e-02 7.038795e-02 9.952429e-01 3.890912e+01
9.967897e-01 3.498529e-02 -7.201647e-02 -7.972510e+01 -3.978733e-02 9.970020e-01 -6.636246e-02 -2.160651e+00 6.947886e-02 6.901475e-02 9.951933e-01 3.974190e+01
9.966689e-01 3.389067e-02 -7.417886e-02 -7.979233e+01 -3.879461e-02 9.970850e-01 -6.569936e-02 -2.229281e+00 7.173604e-02 6.835825e-02 9.950784e-01 4.057268e+01
9.965514e-01 3.304348e-02 -7.611475e-02 -7.985836e+01 -3.796406e-02 9.972189e-01 -6.413420e-02 -2.292994e+00 7.378385e-02 6.680266e-02 9.950343e-01 4.141053e+01
9.964873e-01 3.246011e-02 -7.719712e-02 -7.992724e+01 -3.718669e-02 9.974692e-01 -6.059946e-02 -2.356905e+00 7.503468e-02 6.325730e-02 9.951725e-01 4.224597e+01
9.964118e-01 3.318215e-02 -7.786146e-02 -8.000088e+01 -3.760498e-02 9.977200e-01 -5.604254e-02 -2.424000e+00 7.582432e-02 5.876943e-02 9.953878e-01 4.309947e+01
9.964634e-01 3.339131e-02 -7.710897e-02 -8.007338e+01 -3.762495e-02 9.978253e-01 -5.412062e-02 -2.487467e+00 7.513413e-02 5.683043e-02 9.955527e-01 4.395926e+01
9.965060e-01 3.660217e-02 -7.507438e-02 -8.014753e+01 -4.073860e-02 9.976918e-01 -5.432709e-02 -2.546343e+00 7.291260e-02 5.719570e-02 9.956969e-01 4.482335e+01
9.966413e-01 3.686741e-02 -7.312241e-02 -8.022025e+01 -4.098843e-02 9.976069e-01 -5.568162e-02 -2.608681e+00 7.089458e-02 5.849177e-02 9.957674e-01 4.569100e+01
9.968294e-01 3.499664e-02 -7.145909e-02 -8.028858e+01 -3.918355e-02 9.975441e-01 -5.805588e-02 -2.674421e+00 6.925183e-02 6.067183e-02 9.957525e-01 4.656308e+01
9.970637e-01 3.175754e-02 -6.968034e-02 -8.035236e+01 -3.594664e-02 9.975682e-01 -5.971231e-02 -2.743772e+00 6.761457e-02 6.204176e-02 9.957806e-01 4.744697e+01
9.972312e-01 3.085915e-02 -6.765776e-02 -8.041868e+01 -3.495574e-02 9.975726e-01 -6.022528e-02 -2.807920e+00 6.563503e-02 6.242355e-02 9.958892e-01 4.832384e+01
9.973510e-01 2.921797e-02 -6.661274e-02 -8.047804e+01 -3.309949e-02 9.977717e-01 -5.793102e-02 -2.876893e+00 6.477168e-02 5.998240e-02 9.960957e-01 4.919613e+01
9.974761e-01 2.683879e-02 -6.573551e-02 -8.053464e+01 -3.051737e-02 9.979860e-01 -5.561093e-02 -2.942910e+00 6.411059e-02 5.747665e-02 9.962862e-01 5.007494e+01
9.975322e-01 2.686244e-02 -6.486918e-02 -8.059403e+01 -3.048730e-02 9.979902e-01 -5.555191e-02 -3.006591e+00 6.324655e-02 5.739250e-02 9.963463e-01 5.094647e+01
9.975484e-01 2.854473e-02 -6.389299e-02 -8.065792e+01 -3.232395e-02 9.977393e-01 -5.891905e-02 -3.072731e+00 6.206672e-02 6.083988e-02 9.962160e-01 5.182578e+01
9.974891e-01 3.180333e-02 -6.327754e-02 -8.072448e+01 -3.591044e-02 9.972477e-01 -6.486465e-02 -3.142927e+00 6.104047e-02 6.697411e-02 9.958858e-01 5.269414e+01
9.974893e-01 3.389720e-02 -6.217740e-02 -8.079256e+01 -3.826259e-02 9.967835e-01 -7.041719e-02 -3.216137e+00 5.959046e-02 7.261947e-02 9.955779e-01 5.356021e+01
9.973409e-01 3.910740e-02 -6.149628e-02 -8.085986e+01 -4.376266e-02 9.961263e-01 -7.627096e-02 -3.293757e+00 5.827530e-02 7.875939e-02 9.951889e-01 5.441590e+01
9.974018e-01 3.935540e-02 -6.033947e-02 -8.092074e+01 -4.397424e-02 9.960427e-01 -7.723516e-02 -3.372471e+00 5.706106e-02 7.968787e-02 9.951853e-01 5.526906e+01
9.975231e-01 3.668267e-02 -6.001751e-02 -8.097396e+01 -4.095309e-02 9.965964e-01 -7.154311e-02 -3.445348e+00 5.718884e-02 7.382380e-02 9.956302e-01 5.612346e+01
9.975163e-01 3.635031e-02 -6.033094e-02 -8.102882e+01 -4.012498e-02 9.972329e-01 -6.258149e-02 -3.522822e+00 5.788914e-02 6.484684e-02 9.962147e-01 5.697814e+01
9.974955e-01 3.506566e-02 -6.142506e-02 -8.108638e+01 -3.846431e-02 9.977424e-01 -5.505058e-02 -3.594598e+00 5.935600e-02 5.727539e-02 9.965924e-01 5.783464e+01
9.974002e-01 3.341108e-02 -6.384770e-02 -8.114384e+01 -3.709653e-02 9.976597e-01 -5.743662e-02 -3.659299e+00 6.177925e-02 5.965583e-02 9.963054e-01 5.867997e+01
9.973995e-01 2.888233e-02 -6.603121e-02 -8.119796e+01 -3.291664e-02 9.976041e-01 -6.084854e-02 -3.727793e+00 6.411555e-02 6.286383e-02 9.959605e-01 5.952131e+01
9.972466e-01 2.780257e-02 -6.874746e-02 -8.125787e+01 -3.211255e-02 9.975342e-01 -6.240399e-02 -3.796472e+00 6.684296e-02 6.443983e-02 9.956804e-01 6.035187e+01
9.969763e-01 3.030587e-02 -7.155339e-02 -8.132252e+01 -3.496598e-02 9.972855e-01 -6.479987e-02 -3.867565e+00 6.939534e-02 6.710587e-02 9.953296e-01 6.117262e+01
9.966652e-01 3.212684e-02 -7.500912e-02 -8.139272e+01 -3.726953e-02 9.969753e-01 -6.819936e-02 -3.938745e+00 7.259121e-02 7.076749e-02 9.948480e-01 6.199447e+01
9.963267e-01 3.289175e-02 -7.906441e-02 -8.146532e+01 -3.858444e-02 9.966879e-01 -7.158596e-02 -4.011498e+00 7.644795e-02 7.437366e-02 9.942959e-01 6.281226e+01
9.959813e-01 3.516735e-02 -8.236783e-02 -8.153895e+01 -4.141919e-02 9.962878e-01 -7.546564e-02 -4.087413e+00 7.940814e-02 7.857398e-02 9.937406e-01 6.361692e+01
9.955414e-01 3.980346e-02 -8.551584e-02 -8.162313e+01 -4.629815e-02 9.960812e-01 -7.535741e-02 -4.163783e+00 8.218123e-02 7.898065e-02 9.934829e-01 6.442330e+01
9.950739e-01 4.369941e-02 -8.898462e-02 -8.170835e+01 -5.032682e-02 9.960135e-01 -7.364985e-02 -4.234739e+00 8.541143e-02 7.776536e-02 9.933063e-01 6.522719e+01
9.945764e-01 4.686831e-02 -9.285044e-02 -8.179200e+01 -5.326417e-02 9.962865e-01 -6.764656e-02 -4.306319e+00 8.933516e-02 7.222527e-02 9.933795e-01 6.602791e+01
9.941562e-01 4.787144e-02 -9.675641e-02 -8.187937e+01 -5.403476e-02 9.966052e-01 -6.211541e-02 -4.374759e+00 9.345438e-02 6.698063e-02 9.933679e-01 6.682675e+01
9.936596e-01 4.790868e-02 -1.017125e-01 -8.196554e+01 -5.406038e-02 9.968160e-01 -5.861100e-02 -4.437785e+00 9.858067e-02 6.373799e-02 9.930858e-01 6.762235e+01
9.929759e-01 4.815532e-02 -1.080740e-01 -8.205743e+01 -5.462043e-02 9.968399e-01 -5.767921e-02 -4.495386e+00 1.049549e-01 6.317711e-02 9.924682e-01 6.840843e+01
9.923961e-01 4.656550e-02 -1.139369e-01 -8.215053e+01 -5.298371e-02 9.971361e-01 -5.396575e-02 -4.555214e+00 1.110977e-01 5.959220e-02 9.920212e-01 6.919444e+01
9.915551e-01 4.778314e-02 -1.205626e-01 -8.224890e+01 -5.465326e-02 9.970260e-01 -5.433429e-02 -4.614367e+00 1.176077e-01 6.046458e-02 9.912177e-01 6.996883e+01
9.905468e-01 5.261701e-02 -1.266827e-01 -8.235906e+01 -5.999837e-02 9.966726e-01 -5.517141e-02 -4.674116e+00 1.233582e-01 6.225062e-02 9.904078e-01 7.073871e+01
9.896092e-01 5.485626e-02 -1.329074e-01 -8.247221e+01 -6.313200e-02 9.962673e-01 -5.887190e-02 -4.731208e+00 1.291817e-01 6.665088e-02 9.893785e-01 7.150602e+01
9.888165e-01 5.419305e-02 -1.389429e-01 -8.258763e+01 -6.323420e-02 9.961019e-01 -6.150163e-02 -4.791165e+00 1.350683e-01 6.959977e-02 9.883888e-01 7.227557e+01
9.879471e-01 5.618767e-02 -1.442338e-01 -8.271003e+01 -6.578933e-02 9.958627e-01 -6.268417e-02 -4.852531e+00 1.401150e-01 7.141769e-02 9.875562e-01 7.304282e+01
9.871217e-01 5.834577e-02 -1.489512e-01 -8.283387e+01 -6.760319e-02 9.960332e-01 -5.785951e-02 -4.907389e+00 1.449845e-01 6.718395e-02 9.871503e-01 7.381336e+01
9.861297e-01 5.924932e-02 -1.550410e-01 -8.296544e+01 -6.827403e-02 9.962289e-01 -5.354178e-02 -4.964756e+00 1.512840e-01 6.338442e-02 9.864561e-01 7.458325e+01
9.851454e-01 5.906482e-02 -1.612449e-01 -8.309547e+01 -6.812355e-02 9.963603e-01 -5.123731e-02 -5.027700e+00 1.576317e-01 6.146077e-02 9.855835e-01 7.533911e+01
9.840589e-01 5.688441e-02 -1.684998e-01 -8.323164e+01 -6.697898e-02 9.962462e-01 -5.483914e-02 -5.084680e+00 1.647478e-01 6.525089e-02 9.841750e-01 7.609247e+01
9.826012e-01 5.558881e-02 -1.772140e-01 -8.337078e+01 -6.750495e-02 9.957949e-01 -6.193298e-02 -5.136289e+00 1.730260e-01 7.281824e-02 9.822217e-01 7.683185e+01
9.809996e-01 5.355305e-02 -1.864723e-01 -8.351683e+01 -6.643644e-02 9.957657e-01 -6.353664e-02 -5.194343e+00 1.822801e-01 7.471797e-02 9.804036e-01 7.757222e+01
9.789283e-01 5.335063e-02 -1.971116e-01 -8.367451e+01 -6.639293e-02 9.959784e-01 -6.015802e-02 -5.254461e+00 1.931095e-01 7.197721e-02 9.785336e-01 7.831435e+01
9.766291e-01 5.337799e-02 -2.081982e-01 -8.384051e+01 -6.592581e-02 9.963732e-01 -5.379808e-02 -5.306094e+00 2.045714e-01 6.626640e-02 9.766060e-01 7.905747e+01
9.740112e-01 5.530833e-02 -2.196431e-01 -8.401759e+01 -6.694364e-02 9.967012e-01 -4.588341e-02 -5.355071e+00 2.163808e-01 5.939466e-02 9.745007e-01 7.978732e+01
9.713892e-01 5.647649e-02 -2.306803e-01 -8.420251e+01 -6.793412e-02 9.968043e-01 -4.202557e-02 -5.406797e+00 2.275696e-01 5.649424e-02 9.721216e-01 8.051488e+01
9.683868e-01 6.003658e-02 -2.421212e-01 -8.440000e+01 -7.330936e-02 9.962395e-01 -4.617937e-02 -5.454999e+00 2.384383e-01 6.246924e-02 9.691464e-01 8.122627e+01
9.652439e-01 6.017843e-02 -2.543279e-01 -8.460119e+01 -7.654344e-02 9.955515e-01 -5.493839e-02 -5.502229e+00 2.498904e-01 7.249609e-02 9.655564e-01 8.192683e+01
9.619699e-01 5.781440e-02 -2.669671e-01 -8.480615e+01 -7.632833e-02 9.953063e-01 -5.949241e-02 -5.545511e+00 2.622745e-01 7.760706e-02 9.618676e-01 8.263209e+01
9.586169e-01 5.677639e-02 -2.789805e-01 -8.501967e+01 -7.480557e-02 9.957131e-01 -5.440127e-02 -5.590634e+00 2.746958e-01 7.301928e-02 9.587546e-01 8.334728e+01
9.552398e-01 5.813394e-02 -2.900645e-01 -8.524874e+01 -7.475793e-02 9.961144e-01 -4.655412e-02 -5.643287e+00 2.862310e-01 6.615497e-02 9.558741e-01 8.406574e+01
