1.000000e+00 0.000000e+00 0.000000e+00 0.000000e+00 0.000000e+00 1.000000e+00 0.000000e+00 0.000000e+00 0.000000e+00 0.000000e+00 1.000000e+00 0.000000e+00
9.997718e-01 -2.433564e-03 -2.122103e-02 -2.523949e-02 2.445079e-03 9.999969e-01 5.166826e-04 -8.627985e-03 2.121971e-02 -5.684518e-04 9.997747e-01 2.641341e-01
9.990733e-01 -4.331295e-03 -4.282307e-02 -5.535875e-02 4.342182e-03 9.999906e-01 1.612314e-04 -1.291873e-02 4.282197e-02 -3.470276e-04 9.990827e-01 5.308456e-01
9.978154e-01 -7.675476e-03 -6.561655e-02 -8.729525e-02 7.754589e-03 9.999695e-01 9.510810e-04 -2.587870e-02 6.560725e-02 -1.457833e-03 9.978445e-01 8.141673e-01
9.958841e-01 -1.187972e-02 -8.985398e-02 -1.189552e-01 1.198662e-02 9.999279e-01 6.501667e-04 -4.380527e-02 8.983978e-02 -1.724536e-03 9.959547e-01 1.107204e+00
9.932704e-01 -2.010885e-02 -1.140598e-01 -1.556854e-01 2.019883e-02 9.997959e-01 -3.668484e-04 -5.802305e-02 1.140439e-01 -1.939495e-03 9.934738e-01 1.404397e+00
9.903356e-01 -2.703311e-02 -1.360318e-01 -2.028892e-01 2.723565e-02 9.996290e-01 -3.723743e-04 -8.168174e-02 1.359914e-01 -3.336138e-03 9.907044e-01 1.710747e+00
9.869706e-01 -2.515087e-02 -1.589225e-01 -2.725761e-01 2.571848e-02 9.996681e-01 1.515596e-03 -8.966386e-02 1.588317e-01 -5.583095e-03 9.872899e-01 2.014937e+00
9.827513e-01 -2.334388e-02 -1.834527e-01 -3.452099e-01 2.428479e-02 9.997009e-01 2.883672e-03 -1.137826e-01 1.833306e-01 -7.289044e-03 9.830243e-01 2.341932e+00
9.781507e-01 -2.579792e-02 -2.062901e-01 -4.243959e-01 2.653375e-02 9.996476e-01 8.006929e-04 -1.247647e-01 2.061967e-01 -6.256847e-03 9.784906e-01 2.657726e+00
9.731789e-01 -3.103026e-02 -2.279473e-01 -5.052413e-01 3.116278e-02 9.995098e-01 -3.018627e-03 -1.358199e-01 2.279292e-01 -4.165806e-03 9.736688e-01 2.968938e+00
9.676469e-01 -3.750080e-02 -2.495059e-01 -5.963686e-01 3.626076e-02 9.992966e-01 -9.566139e-03 -1.388535e-01 2.496891e-01 2.093736e-04 9.683260e-01 3.288783e+00
9.618936e-01 -4.146110e-02 -2.702622e-01 -6.924354e-01 3.885331e-02 9.991324e-01 -1.499424e-02 -1.466268e-01 2.706494e-01 3.922284e-03 9.626700e-01 3.617560e+00
9.565060e-01 -4.447564e-02 -2.883021e-01 -7.999644e-01 4.043429e-02 9.989828e-01 -1.996085e-02 -1.570615e-01 2.888966e-01 7.435382e-03 9.573314e-01 3.938535e+00
9.506876e-01 -4.526265e-02 -3.068296e-01 -9.181146e-01 4.008922e-02 9.989280e-01 -2.314576e-02 -1.695088e-01 3.075483e-01 9.703828e-03 9.514830e-01 4.267449e+00
9.439739e-01 -4.996018e-02 -3.262167e-01 -1.039375e+00 4.394030e-02 9.987009e-01 -2.580121e-02 -1.845987e-01 3.270820e-01 1.002161e-02 9.449428e-01 4.605344e+00
9.369088e-01 -5.771240e-02 -3.447770e-01 -1.168075e+00 5.132045e-02 9.982995e-01 -2.764593e-02 -1.962010e-01 3.457862e-01 8.207606e-03 9.382774e-01 4.949076e+00
9.285877e-01 -6.728404e-02 -3.649627e-01 -1.301689e+00 6.092560e-02 9.977232e-01 -2.892371e-02 -2.144577e-01 3.660779e-01 4.622627e-03 9.305727e-01 5.302980e+00
9.198077e-01 -7.263006e-02 -3.855886e-01 -1.454768e+00 6.553516e-02 9.973520e-01 -3.153096e-02 -2.339242e-01 3.868577e-01 3.732809e-03 9.221319e-01 5.657513e+00
9.108545e-01 -7.704945e-02 -4.054719e-01 -1.625797e+00 6.889157e-02 9.970205e-01 -3.469951e-02 -2.498398e-01 4.069374e-01 3.672610e-03 9.134487e-01 6.014733e+00
9.011460e-01 -7.964387e-02 -4.261371e-01 -1.806744e+00 7.011641e-02 9.968137e-01 -3.802762e-02 -2.697927e-01 4.278080e-01 4.389228e-03 9.038590e-01 6.375875e+00
8.908420e-01 -8.301037e-02 -4.466652e-01 -2.003963e+00 7.073603e-02 9.965189e-01 -4.411977e-02 -2.930408e-01 4.487727e-01 7.708420e-03 8.936127e-01 6.737843e+00
8.803220e-01 -8.234336e-02 -4.671753e-01 -2.218869e+00 6.644496e-02 9.965145e-01 -5.043800e-02 -3.191503e-01 4.697002e-01 1.336023e-02 8.827249e-01 7.098518e+00
8.681432e-01 -8.584509e-02 -4.888332e-01 -2.442404e+00 6.634266e-02 9.961608e-01 -5.711680e-02 -3.454642e-01 4.918597e-01 1.715507e-02 8.705055e-01 7.464910e+00
8.547711e-01 -9.581699e-02 -5.100838e-01 -2.670324e+00 7.257618e-02 9.952210e-01 -6.532860e-02 -3.769111e-01 5.139057e-01 1.882107e-02 8.576402e-01 7.840874e+00
8.412230e-01 -1.049280e-01 -5.304093e-01 -2.915152e+00 7.815600e-02 9.942840e-01 -7.273928e-02 -4.085795e-01 5.350099e-01 1.973528e-02 8.446153e-01 8.224661e+00
8.277702e-01 -1.099665e-01 -5.501853e-01 -3.187559e+00 7.909878e-02 9.936834e-01 -7.960274e-02 -4.422214e-01 5.554637e-01 2.237379e-02 8.312398e-01 8.611952e+00
8.157807e-01 -1.104226e-01 -5.677224e-01 -3.482672e+00 7.565097e-02 9.935441e-01 -8.453983e-02 -4.841347e-01 5.733923e-01 2.601721e-02 8.188677e-01 9.004887e+00
8.057147e-01 -1.066823e-01 -5.826171e-01 -3.798813e+00 6.796006e-02 9.938004e-01 -8.798997e-02 -5.330752e-01 5.883920e-01 3.130013e-02 8.079697e-01 9.402060e+00
7.964360e-01 -1.054103e-01 -5.954648e-01 -4.130583e+00 6.339337e-02 9.938184e-01 -9.113878e-02 -5.837400e-01 6.013908e-01 3.483769e-02 7.981951e-01 9.814457e+00
7.874733e-01 -1.066567e-01 -6.070504e-01 -4.472853e+00 6.213786e-02 9.936338e-01 -9.397202e-02 -6.353104e-01 6.132086e-01 3.627965e-02 7.890875e-01 1.023882e+01
7.783050e-01 -1.099952e-01 -6.181767e-01 -4.831865e+00 6.358236e-02 9.932819e-01 -9.668715e-02 -6.868999e-01 6.246588e-01 3.594695e-02 7.800700e-01 1.067891e+01
7.681928e-01 -1.145593e-01 -6.298856e-01 -5.202247e+00 6.719654e-02 9.928536e-01 -9.862220e-02 -7.472397e-01 6.366823e-01 3.343473e-02 7.704010e-01 1.112902e+01
7.584824e-01 -1.140818e-01 -6.416306e-01 -5.598527e+00 6.530138e-02 9.929080e-01 -9.934494e-02 -8.110296e-01 6.484136e-01 3.345202e-02 7.605529e-01 1.158886e+01
7.493104e-01 -1.148250e-01 -6.521880e-01 -6.018247e+00 6.256342e-02 9.927223e-01 -1.028996e-01 -8.762971e-01 6.592570e-01 3.630065e-02 7.510409e-01 1.204856e+01
7.392514e-01 -1.178277e-01 -6.630415e-01 -6.451197e+00 6.170596e-02 9.922842e-01 -1.075383e-01 -9.479132e-01 6.705966e-01 3.858420e-02 7.408181e-01 1.251787e+01
7.289858e-01 -1.220449e-01 -6.735613e-01 -6.904868e+00 6.362772e-02 9.917989e-01 -1.108441e-01 -1.020265e+00 6.815653e-01 3.794658e-02 7.307727e-01 1.299975e+01
7.193090e-01 -1.242288e-01 -6.834923e-01 -7.379764e+00 6.362017e-02 9.915262e-01 -1.132617e-01 -1.097998e+00 6.917709e-01 3.798630e-02 7.211172e-01 1.348802e+01
7.109916e-01 -1.245556e-01 -6.920815e-01 -7.877067e+00 6.203037e-02 9.914604e-01 -1.147103e-01 -1.183065e+00 7.004593e-01 3.862801e-02 7.126463e-01 1.398572e+01
7.043319e-01 -1.283981e-01 -6.981623e-01 -8.386618e+00 6.382149e-02 9.909768e-01 -1.178637e-01 -1.272343e+00 7.069961e-01 3.845742e-02 7.061711e-01 1.449358e+01
7.003985e-01 -1.317129e-01 -7.014938e-01 -8.907080e+00 6.266079e-02 9.903779e-01 -1.233909e-01 -1.364049e+00 7.109961e-01 4.246667e-02 7.019124e-01 1.500637e+01
6.996258e-01 -1.332502e-01 -7.019745e-01 -9.444636e+00 5.928750e-02 9.898948e-01 -1.288146e-01 -1.461849e+00 7.120455e-01 4.850373e-02 7.004560e-01 1.552996e+01
7.010835e-01 -1.315228e-01 -7.008450e-01 -1.000322e+01 5.367376e-02 9.897882e-01 -1.320548e-01 -1.568150e+00 7.110563e-01 5.496444e-02 7.009835e-01 1.606634e+01
7.034536e-01 -1.332669e-01 -6.981353e-01 -1.056378e+01 5.462205e-02 9.894956e-01 -1.338465e-01 -1.676831e+00 7.086391e-01 5.602120e-02 7.033436e-01 1.662109e+01
7.066494e-01 -1.333461e-01 -6.948852e-01 -1.112764e+01 5.463558e-02 9.894323e-01 -1.343081e-01 -1.792728e+00 7.054513e-01 5.694331e-02 7.064672e-01 1.719003e+01
7.105931e-01 -1.297458e-01 -6.915370e-01 -1.170120e+01 5.005872e-02 9.896829e-01 -1.342456e-01 -1.909410e+00 7.018202e-01 6.077652e-02 7.097568e-01 1.776538e+01
7.150603e-01 -1.254615e-01 -6.877123e-01 -1.229458e+01 4.505419e-02 9.899890e-01 -1.337609e-01 -2.027760e+00 6.976094e-01 6.466278e-02 7.135544e-01 1.835808e+01
7.198129e-01 -1.211277e-01 -6.835184e-01 -1.288999e+01 4.060758e-02 9.903197e-01 -1.327327e-01 -2.146673e+00 6.929793e-01 6.778667e-02 7.177636e-01 1.896238e+01
7.253750e-01 -1.183232e-01 -6.781082e-01 -1.349917e+01 3.844993e-02 9.905423e-01 -1.317099e-01 -2.269644e+00 6.872792e-01 6.946587e-02 7.230642e-01 1.958477e+01
7.299813e-01 -1.167851e-01 -6.734156e-01 -1.410524e+01 3.647818e-02 9.905462e-01 -1.322402e-01 -2.389783e+00 6.824930e-01 7.196793e-02 7.273403e-01 2.022041e+01
7.340473e-01 -1.155491e-01 -6.691957e-01 -1.472268e+01 3.605286e-02 9.906592e-01 -1.315091e-01 -2.511646e+00 6.781406e-01 7.240745e-02 7.313566e-01 2.087798e+01
7.373426e-01 -1.159552e-01 -6.654925e-01 -1.533980e+01 3.857153e-02 9.907770e-01 -1.298967e-01 -2.637278e+00 6.744168e-01 7.010935e-02 7.350147e-01 2.154541e+01
7.394852e-01 -1.148409e-01 -6.633048e-01 -1.595420e+01 3.681139e-02 9.907652e-01 -1.304964e-01 -2.767646e+00 6.721656e-01 7.208296e-02 7.368836e-01 2.221810e+01
7.415962e-01 -1.164684e-01 -6.606589e-01 -1.657224e+01 3.526412e-02 9.902202e-01 -1.349829e-01 -2.901820e+00 6.699190e-01 7.680528e-02 7.384507e-01 2.289485e+01
7.433858e-01 -1.140462e-01 -6.590683e-01 -1.717876e+01 2.908226e-02 9.899357e-01 -1.384971e-01 -3.030699e+00 6.682303e-01 8.378956e-02 7.392209e-01 2.356471e+01
7.457048e-01 -1.110302e-01 -6.569602e-01 -1.781774e+01 2.647784e-02 9.901768e-01 -1.372913e-01 -3.168777e+00 6.657502e-01 8.498387e-02 7.413194e-01 2.426385e+01
7.477264e-01 -1.110977e-01 -6.546469e-01 -1.846412e+01 2.856027e-02 9.903723e-01 -1.354514e-01 -3.316257e+00 6.633925e-01 8.258369e-02 7.437005e-01 2.498520e+01
7.496490e-01 -1.075456e-01 -6.530393e-01 -1.912647e+01 2.534694e-02 9.906506e-01 -1.340484e-01 -3.459261e+00 6.613500e-01 8.393668e-02 7.453662e-01 2.571358e+01
7.507456e-01 -1.117344e-01 -6.510733e-01 -1.978927e+01 2.943580e-02 9.902709e-01 -1.360040e-01 -3.604132e+00 6.599352e-01 8.293953e-02 7.467306e-01 2.646265e+01
7.515109e-01 -1.152085e-01 -6.495833e-01 -2.045532e+01 3.378782e-02 9.900629e-01 -1.365055e-01 -3.755212e+00 6.588549e-01 8.063738e-02 7.479357e-01 2.722470e+01
7.521978e-01 -1.159705e-01 -6.486519e-01 -2.112471e+01 3.386790e-02 9.898940e-01 -1.377059e-01 -3.904065e+00 6.580664e-01 8.161358e-02 7.485238e-01 2.798915e+01
7.529153e-01 -1.113739e-01 -6.486250e-01 -2.181989e+01 2.988220e-02 9.903453e-01 -1.353631e-01 -4.056347e+00 6.574386e-01 8.253460e-02 7.489743e-01 2.876628e+01
7.536159e-01 -1.076497e-01 -6.484401e-01 -2.251514e+01 2.858215e-02 9.909319e-01 -1.312898e-01 -4.209927e+00 6.566933e-01 8.040828e-02 7.498589e-01 2.954752e+01
7.537112e-01 -1.031516e-01 -6.490602e-01 -2.320097e+01 2.504823e-02 9.913970e-01 -1.284704e-01 -4.361212e+00 6.567282e-01 8.057177e-02 7.498108e-01 3.032382e+01
7.535067e-01 -1.017361e-01 -6.495210e-01 -2.389103e+01 2.416051e-02 9.915720e-01 -1.272839e-01 -4.515540e+00 6.569962e-01 8.021650e-02 7.496141e-01 3.109729e+01
7.524323e-01 -1.039956e-01 -6.504080e-01 -2.459256e+01 2.611378e-02 9.913907e-01 -1.283063e-01 -4.662493e+00 6.581517e-01 7.955718e-02 7.486701e-01 3.187594e+01
7.504956e-01 -1.045042e-01 -6.525605e-01 -2.529936e+01 2.725722e-02 9.914728e-01 -1.274313e-01 -4.813095e+00 6.603131e-01 7.784966e-02 7.469445e-01 3.264940e+01
7.474581e-01 -1.017396e-01 -6.564720e-01 -2.597838e+01 2.656730e-02 9.919903e-01 -1.234885e-01 -4.961545e+00 6.637775e-01 7.486177e-02 7.441741e-01 3.340372e+01
7.451770e-01 -1.007057e-01 -6.592190e-01 -2.667513e+01 2.506159e-02 9.920625e-01 -1.232231e-01 -5.109126e+00 6.663957e-01 7.530192e-02 7.417860e-01 3.415685e+01
7.443367e-01 -9.888739e-02 -6.604424e-01 -2.734719e+01 2.149691e-02 9.920111e-01 -1.243052e-01 -5.251103e+00 6.674585e-01 7.832747e-02 7.405160e-01 3.488546e+01
7.438403e-01 -9.653672e-02 -6.613488e-01 -2.800542e+01 1.794069e-02 9.920412e-01 -1.246292e-01 -5.393796e+00 6.681165e-01 8.083920e-02 7.396522e-01 3.560168e+01
7.437711e-01 -9.234087e-02 -6.620254e-01 -2.867291e+01 1.483114e-02 9.924480e-01 -1.217665e-01 -5.532746e+00 6.682698e-01 8.074784e-02 7.395236e-01 3.631745e+01
7.435094e-01 -9.193369e-02 -6.623760e-01 -2.932082e+01 1.602099e-02 9.926696e-01 -1.197930e-01 -5.670521e+00 6.685336e-01 7.845530e-02 7.395320e-01 3.702877e+01
7.440537e-01 -9.161569e-02 -6.618086e-01 -2.996448e+01 1.696479e-02 9.928251e-01 -1.183660e-01 -5.802902e+00 6.679044e-01 7.684322e-02 7.402694e-01 3.773928e+01
7.450695e-01 -9.154703e-02 -6.606743e-01 -3.060209e+01 1.780833e-02 9.929131e-01 -1.175009e-01 -5.929000e+00 6.667491e-01 7.578080e-02 7.414196e-01 3.843525e+01
7.454708e-01 -9.160739e-02 -6.602131e-01 -3.121098e+01 1.967859e-02 9.931035e-01 -1.155775e-01 -6.057084e+00 6.662477e-01 7.316763e-02 7.421324e-01 3.911055e+01
7.455603e-01 -9.379718e-02 -6.598045e-01 -3.179388e+01 2.180339e-02 9.929491e-01 -1.165195e-01 -6.178482e+00 6.660815e-01 7.248633e-02 7.423485e-01 3.975597e+01
7.457228e-01 -9.298570e-02 -6.597357e-01 -3.237425e+01 2.129330e-02 9.930334e-01 -1.158934e-01 -6.305583e+00 6.659160e-01 7.237639e-02 7.425076e-01 4.038259e+01
7.453847e-01 -9.083545e-02 -6.604170e-01 -3.292675e+01 1.942394e-02 9.932119e-01 -1.146859e-01 -6.420767e+00 6.663516e-01 7.265724e-02 7.420893e-01 4.098091e+01
7.448660e-01 -8.866890e-02 -6.612961e-01 -3.344698e+01 1.795367e-02 9.934350e-01 -1.129807e-01 -6.531889e+00 6.669725e-01 7.228280e-02 7.415678e-01 4.154727e+01
7.442855e-01 -9.022810e-02 -6.617386e-01 -3.394056e+01 1.995767e-02 9.933943e-01 -1.130021e-01 -6.635776e+00 6.675633e-01 7.089909e-02 7.411697e-01 4.209192e+01
7.437410e-01 -9.125234e-02 -6.622101e-01 -3.440775e+01 1.885893e-02 9.931087e-01 -1.156692e-01 -6.730217e+00 6.682018e-01 7.353938e-02 7.403366e-01 4.260155e+01
7.433543e-01 -9.028344e-02 -6.627770e-01 -3.485074e+01 1.644240e-02 9.930161e-01 -1.168272e-01 -6.823079e+00 6.686958e-01 7.594636e-02 7.396473e-01 4.308185e+01
7.428509e-01 -8.823072e-02 -6.636172e-01 -3.528192e+01 1.232957e-02 9.929120e-01 -1.182102e-01 -6.914528e+00 6.693433e-01 7.963042e-02 7.386735e-01 4.354567e+01
7.419188e-01 -9.056149e-02 -6.643457e-01 -3.570361e+01 1.273504e-02 9.925610e-01 -1.210807e-01 -7.001229e+00 6.703688e-01 8.137158e-02 7.375529e-01 4.400651e+01
7.408495e-01 -9.180368e-02 -6.653677e-01 -3.611448e+01 1.392867e-02 9.925021e-01 -1.214311e-01 -7.089228e+00 6.715266e-01 8.069446e-02 7.365734e-01 4.446109e+01
7.406876e-01 -8.984395e-02 -6.658152e-01 -3.652680e+01 1.286988e-02 9.927338e-01 -1.196406e-01 -7.171311e+00 6.717263e-01 8.004738e-02 7.364619e-01 4.490764e+01
7.404736e-01 -8.589071e-02 -6.665746e-01 -3.693000e+01 8.757183e-03 9.929491e-01 -1.182173e-01 -7.254456e+00 6.720284e-01 8.169947e-02 7.360047e-01 4.533846e+01
7.400454e-01 -8.375761e-02 -6.673211e-01 -3.732724e+01 6.198888e-03 9.930224e-01 -1.177630e-01 -7.333319e+00 6.725283e-01 8.301331e-02 7.354009e-01 4.576135e+01
7.399340e-01 -8.370607e-02 -6.674510e-01 -3.771489e+01 6.066633e-03 9.930176e-01 -1.178104e-01 -7.412973e+00 6.726521e-01 8.312276e-02 7.352753e-01 4.618014e+01
7.404391e-01 -8.206674e-02 -6.670944e-01 -3.809100e+01 4.514695e-03 9.931026e-01 -1.171616e-01 -7.487116e+00 6.721083e-01 8.373928e-02 7.357025e-01 4.659279e+01
7.412347e-01 -8.109066e-02 -6.663298e-01 -3.846056e+01 3.652580e-03 9.931487e-01 -1.168005e-01 -7.558072e+00 6.712360e-01 8.414278e-02 7.364525e-01 4.699678e+01
7.421492e-01 -7.774436e-02 -6.657104e-01 -3.882842e+01 2.549567e-03 9.935700e-01 -1.131908e-01 -7.628337e+00 6.702298e-01 8.230721e-02 7.375754e-01 4.739429e+01
7.426142e-01 -7.445891e-02 -6.655675e-01 -3.918788e+01 2.932726e-03 9.941524e-01 -1.079464e-01 -7.695033e+00 6.697131e-01 7.821060e-02 7.384900e-01 4.778938e+01
7.428802e-01 -7.298418e-02 -6.654339e-01 -3.953692e+01 4.917769e-03 9.946071e-01 -1.035975e-01 -7.764416e+00 6.694063e-01 7.368807e-02 7.392329e-01 4.818035e+01
7.432672e-01 -6.741907e-02 -6.655889e-01 -3.989623e+01 -1.334698e-03 9.947577e-01 -1.022518e-01 -7.827278e+00 6.689934e-01 7.688877e-02 7.392807e-01 4.856188e+01
7.439780e-01 -6.256176e-02 -6.652690e-01 -4.025742e+01 -7.368436e-03 9.947787e-01 -1.017890e-01 -7.892244e+00 6.681635e-01 8.063076e-02 7.396325e-01 4.893938e+01
7.439545e-01 -6.319915e-02 -6.652349e-01 -4.061574e+01 -7.806035e-03 9.946277e-01 -1.032221e-01 -7.960092e+00 6.681847e-01 8.198541e-02 7.394644e-01 4.932427e+01
7.431770e-01 -6.976666e-02 -6.654476e-01 -4.096126e+01 -3.091898e-03 9.941803e-01 -1.076846e-01 -8.021755e+00 6.690877e-01 8.208621e-02 7.386362e-01 4.971094e+01
7.428179e-01 -7.474272e-02 -6.653083e-01 -4.131164e+01 2.946305e-03 9.941040e-01 -1.083911e-01 -8.086655e+00 6.694871e-01 7.855461e-02 7.386584e-01 5.011001e+01
7.451091e-01 -7.075867e-02 -6.631784e-01 -4.168748e+01 -4.816989e-04 9.942987e-01 -1.066292e-01 -8.149598e+00 6.669424e-01 7.976983e-02 7.408269e-01 5.050668e+01
7.481050e-01 -6.361270e-02 -6.605243e-01 -4.206869e+01 -7.271479e-03 9.945489e-01 -1.040170e-01 -8.211474e+00 6.635406e-01 8.261864e-02 7.435644e-01 5.090549e+01
7.510547e-01 -5.842060e-02 -6.576502e-01 -4.244209e+01 -8.903059e-03 9.950909e-01 -9.856378e-02 -8.276104e+00 6.601799e-01 7.988189e-02 7.468476e-01 5.132047e+01
7.554444e-01 -5.707311e-02 -6.527223e-01 -4.280863e+01 -4.832542e-03 9.956866e-01 -9.265449e-02 -8.344145e+00 6.551949e-01 7.314962e-02 7.519100e-01 5.174712e+01
7.595017e-01 -5.791843e-02 -6.479218e-01 -4.317622e+01 -9.599086e-04 9.959275e-01 -9.015226e-02 -8.411277e+00 6.505046e-01 6.909274e-02 7.563530e-01 5.217946e+01
7.624638e-01 -6.183089e-02 -6.440698e-01 -4.354020e+01 4.200484e-03 9.958756e-01 -9.063173e-02 -8.472604e+00 6.470172e-01 6.639801e-02 7.595788e-01 5.261824e+01
7.655490e-01 -6.545555e-02 -6.400393e-01 -4.391278e+01 8.702699e-03 9.957738e-01 -9.142654e-02 -8.530005e+00 6.433188e-01 6.442142e-02 7.628832e-01 5.306758e+01
7.692190e-01 -6.476940e-02 -6.356942e-01 -4.428880e+01 9.634895e-03 9.959121e-01 -8.981250e-02 -8.589178e+00 6.389126e-01 6.296063e-02 7.666985e-01 5.352076e+01
7.726757e-01 -6.383344e-02 -6.315834e-01 -4.466701e+01 8.945928e-03 9.959275e-01 -8.971290e-02 -8.650120e+00 6.347379e-01 6.366888e-02 7.701000e-01 5.398029e+01
7.759600e-01 -6.364155e-02 -6.275634e-01 -4.504686e+01 7.934008e-03 9.958033e-01 -9.117484e-02 -8.710342e+00 6.307322e-01 6.576894e-02 7.732085e-01 5.444459e+01
7.785539e-01 -6.586322e-02 -6.241121e-01 -4.542933e+01 1.028726e-02 9.956834e-01 -9.224262e-02 -8.775645e+00 6.274934e-01 6.539544e-02 7.758707e-01 5.492573e+01
7.804683e-01 -7.014169e-02 -6.212482e-01 -4.581539e+01 1.468150e-02 9.954688e-01 -9.394863e-02 -8.837711e+00 6.250229e-01 6.420308e-02 7.779617e-01 5.541510e+01
7.819543e-01 -7.092088e-02 -6.192881e-01 -4.620720e+01 1.597233e-02 9.954599e-01 -9.383235e-02 -8.901170e+00 6.231311e-01 6.348114e-02 7.795369e-01 5.591221e+01
7.832683e-01 -6.909509e-02 -6.178322e-01 -4.661211e+01 1.589748e-02 9.957057e-01 -9.120014e-02 -8.966716e+00 6.214805e-01 6.161220e-02 7.810032e-01 5.642094e+01
7.842424e-01 -6.626427e-02 -6.169059e-01 -4.702132e+01 1.588654e-02 9.960992e-01 -8.679912e-02 -9.036666e+00 6.202511e-01 5.827105e-02 7.822359e-01 5.693764e+01
7.847202e-01 -6.544764e-02 -6.163853e-01 -4.743461e+01 1.746140e-02 9.963496e-01 -8.356205e-02 -9.107654e+00 6.196042e-01 5.480988e-02 7.829984e-01 5.745243e+01
7.846143e-01 -6.524153e-02 -6.165419e-01 -4.785541e+01 1.806642e-02 9.964315e-01 -8.244946e-02 -9.170586e+00 6.197209e-01 5.355232e-02 7.829931e-01 5.798349e+01
7.837875e-01 -6.606094e-02 -6.175055e-01 -4.827725e+01 1.919790e-02 9.964284e-01 -8.223071e-02 -9.239148e+00 6.207323e-01 5.259659e-02 7.822564e-01 5.851540e+01
7.819671e-01 -6.645099e-02 -6.197675e-01 -4.870021e+01 1.934332e-02 9.964092e-01 -8.242855e-02 -9.308571e+00 6.230195e-01 5.246805e-02 7.804446e-01 5.904730e+01
7.795076e-01 -6.852841e-02 -6.226329e-01 -4.914435e+01 2.040313e-02 9.962479e-01 -8.410557e-02 -9.374794e+00 6.260604e-01 5.285727e-02 7.779810e-01 5.958910e+01
7.759747e-01 -6.934238e-02 -6.269409e-01 -4.958768e+01 2.154709e-02 9.962729e-01 -8.352292e-02 -9.442609e+00 6.303959e-01 5.130293e-02 7.745767e-01 6.012900e+01
7.719329e-01 -6.845602e-02 -6.320074e-01 -5.003538e+01 2.152321e-02 9.964295e-01 -8.164006e-02 -9.503917e+00 6.353395e-01 4.941783e-02 7.706501e-01 6.066632e+01
7.679330e-01 -6.311842e-02 -6.374127e-01 -5.050142e+01 1.855909e-02 9.969078e-01 -7.635729e-02 -9.568890e+00 6.402612e-01 4.680748e-02 7.667298e-01 6.120388e+01
7.633347e-01 -5.928308e-02 -6.432772e-01 -5.096684e+01 1.633438e-02 9.972332e-01 -7.251999e-02 -9.634442e+00 6.457966e-01 4.484949e-02 7.621911e-01 6.172912e+01
7.568566e-01 -6.123255e-02 -6.507063e-01 -5.142684e+01 1.899820e-02 9.972421e-01 -7.174475e-02 -9.702765e+00 6.533048e-01 4.193823e-02 7.559325e-01 6.225774e+01
7.490886e-01 -6.360089e-02 -6.594098e-01 -5.188628e+01 2.041098e-02 9.971240e-01 -7.298701e-02 -9.765960e+00 6.621553e-01 4.121453e-02 7.482324e-01 6.277145e+01
7.404241e-01 -6.629303e-02 -6.688627e-01 -5.234867e+01 1.970624e-02 9.968375e-01 -7.698500e-02 -9.825891e+00 6.718510e-01 4.382078e-02 7.393889e-01 6.327071e+01
7.307148e-01 -6.511688e-02 -6.795703e-01 -5.282218e+01 1.602878e-02 9.968026e-01 -7.827919e-02 -9.890120e+00 6.824947e-01 4.630708e-02 7.294221e-01 6.375595e+01
7.200465e-01 -6.437276e-02 -6.909336e-01 -5.331212e+01 1.428105e-02 9.968517e-01 -7.799170e-02 -9.959591e+00 6.937788e-01 4.629040e-02 7.186989e-01 6.424205e+01
7.088203e-01 -6.166689e-02 -7.026884e-01 -5.379696e+01 1.371493e-02 9.971878e-01 -7.367712e-02 -1.002080e+01 7.052558e-01 4.258651e-02 7.076727e-01 6.471455e+01
6.975107e-01 -5.706707e-02 -7.142983e-01 -5.429300e+01 1.099087e-02 9.975585e-01 -6.896486e-02 -1.007827e+01 7.164900e-01 4.025297e-02 6.964350e-01 6.517655e+01
6.859446e-01 -5.154862e-02 -7.258255e-01 -5.479524e+01 6.237074e-03 9.978674e-01 -6.497484e-02 -1.013933e+01 7.276270e-01 4.004211e-02 6.848033e-01 6.562762e+01
6.732998e-01 -4.944841e-02 -7.377142e-01 -5.529759e+01 2.956332e-03 9.979332e-01 -6.419249e-02 -1.019675e+01 7.393637e-01 4.103986e-02 6.720543e-01 6.606513e+01
6.594769e-01 -5.341864e-02 -7.498244e-01 -5.580231e+01 4.530954e-03 9.977363e-01 -6.709525e-02 -1.025012e+01 7.517111e-01 4.085035e-02 6.582261e-01 6.649970e+01
6.465619e-01 -5.647932e-02 -7.607679e-01 -5.632415e+01 2.468258e-03 9.974052e-01 -7.194952e-02 -1.030469e+01 7.628576e-01 4.464205e-02 6.450236e-01 6.692383e+01
6.351497e-01 -5.837199e-02 -7.701802e-01 -5.685001e+01 -4.578610e-04 9.971116e-01 -7.594872e-02 -1.036327e+01 7.723889e-01 4.859144e-02 6.332885e-01 6.733379e+01
6.257580e-01 -5.613056e-02 -7.779951e-01 -5.738996e+01 -5.952408e-03 9.970348e-01 -7.672143e-02 -1.041989e+01 7.799946e-01 5.263999e-02 6.235684e-01 6.774313e+01
6.187605e-01 -5.124930e-02 -7.839062e-01 -5.793685e+01 -9.618531e-03 9.973007e-01 -7.279255e-02 -1.047164e+01 7.855208e-01 5.258119e-02 6.165974e-01 6.815372e+01
6.157299e-01 -4.143600e-02 -7.868671e-01 -5.849295e+01 -1.460722e-02 9.978445e-01 -6.397623e-02 -1.052951e+01 7.878219e-01 5.088602e-02 6.137974e-01 6.856252e+01
6.160771e-01 -3.505004e-02 -7.869056e-01 -5.903197e+01 -1.605967e-02 9.982429e-01 -5.703663e-02 -1.059629e+01 7.875221e-01 4.777641e-02 6.144317e-01 6.898393e+01
6.186304e-01 -3.344791e-02 -7.849699e-01 -5.956084e+01 -1.777308e-02 9.982420e-01 -5.654239e-02 -1.065943e+01 7.854811e-01 4.893017e-02 6.169483e-01 6.939934e+01
6.239851e-01 -3.700883e-02 -7.805593e-01 -6.009270e+01 -1.816890e-02 9.979208e-01 -6.183899e-02 -1.070885e+01 7.812250e-01 5.276851e-02 6.220153e-01 6.982140e+01
6.317260e-01 -4.049894e-02 -7.741331e-01 -6.062537e+01 -1.764043e-02 9.976247e-01 -6.658630e-02 -1.075780e+01 7.749910e-01 5.572034e-02 6.295110e-01 7.025617e+01
6.415547e-01 -4.043560e-02 -7.660108e-01 -6.115716e+01 -1.781294e-02 9.975550e-01 -6.757700e-02 -1.081073e+01 7.668704e-01 5.699925e-02 6.392658e-01 7.070505e+01
6.530901e-01 -3.887181e-02 -7.562819e-01 -6.168778e+01 -1.662315e-02 9.977052e-01 -6.563561e-02 -1.086666e+01 7.570977e-01 5.543775e-02 6.509452e-01 7.116488e+01
6.648292e-01 -3.768938e-02 -7.460440e-01 -6.222817e+01 -1.345329e-02 9.979603e-01 -6.240469e-02 -1.091891e+01 7.468743e-01 5.152521e-02 6.629660e-01 7.165057e+01
6.761464e-01 -3.883260e-02 -7.357432e-01 -6.275689e+01 -8.608913e-03 9.981254e-01 -6.059273e-02 -1.096711e+01 7.367170e-01 4.730350e-02 6.745446e-01 7.214634e+01
6.875309e-01 -3.698337e-02 -7.252127e-01 -6.327915e+01 -6.648674e-03 9.983397e-01 -5.721513e-02 -1.101884e+01 7.261247e-01 4.415888e-02 6.861436e-01 7.264778e+01
6.992802e-01 -3.362939e-02 -7.140562e-01 -6.381073e+01 -4.784172e-03 9.986503e-01 -5.171788e-02 -1.106212e+01 7.148317e-01 3.958146e-02 6.981755e-01 7.316758e+01
7.100434e-01 -2.666525e-02 -7.036529e-01 -6.434672e+01 -5.648536e-03 9.990349e-01 -4.355872e-02 -1.110451e+01 7.041353e-01 3.490319e-02 7.092075e-01 7.370224e+01
7.196603e-01 -2.558215e-02 -6.938549e-01 -6.487210e+01 -9.068083e-04 9.992855e-01 -3.778379e-02 -1.114331e+01 6.943257e-01 2.782069e-02 7.191229e-01 7.425022e+01
7.267926e-01 -2.601130e-02 -6.863642e-01 -6.540564e+01 3.415824e-03 9.994072e-01 -3.425774e-02 -1.117963e+01 6.868484e-01 2.255377e-02 7.264506e-01 7.481439e+01
7.318601e-01 -3.032396e-02 -6.807799e-01 -6.592137e+01 8.771106e-03 9.993459e-01 -3.508462e-02 -1.121606e+01 6.813984e-01 1.970584e-02 7.316474e-01 7.537975e+01
7.359144e-01 -3.063861e-02 -6.763810e-01 -6.644271e+01 8.429951e-03 9.993128e-01 -3.609479e-02 -1.124785e+01 6.770221e-01 2.086082e-02 7.356670e-01 7.594777e+01
7.390108e-01 -2.662504e-02 -6.731672e-01 -6.697244e+01 7.829897e-03 9.994907e-01 -3.093600e-02 -1.127801e+01 6.736481e-01 1.759121e-02 7.388429e-01 7.652948e+01
7.413945e-01 -1.920988e-02 -6.707945e-01 -6.751834e+01 6.043788e-03 9.997408e-01 -2.195019e-02 -1.131528e+01 6.710422e-01 1.221961e-02 7.413184e-01 7.711701e+01
7.438682e-01 -1.778795e-02 -6.680896e-01 -6.805761e+01 1.029253e-02 9.998321e-01 -1.516066e-02 -1.134636e+01 6.682471e-01 4.401197e-03 7.439264e-01 7.771653e+01
7.460654e-01 -1.949889e-02 -6.655871e-01 -6.859502e+01 1.237644e-02 9.998045e-01 -1.541714e-02 -1.137228e+01 6.657576e-01 3.264593e-03 7.461609e-01 7.832031e+01
7.488771e-01 -2.213247e-02 -6.623392e-01 -6.913905e+01 1.421255e-02 9.997487e-01 -1.733772e-02 -1.139362e+01 6.625565e-01 3.570297e-03 7.490035e-01 7.893021e+01
7.515313e-01 -2.002192e-02 -6.593935e-01 -6.969360e+01 1.376947e-02 9.997977e-01 -1.466452e-02 -1.141190e+01 6.595537e-01 1.941350e-03 7.516550e-01 7.955094e+01
7.544078e-01 -1.433900e-02 -6.562494e-01 -7.024515e+01 1.319254e-02 9.998906e-01 -6.681718e-03 -1.143561e+01 6.562735e-01 -3.616860e-03 7.545144e-01 8.018093e+01
7.578990e-01 -6.810563e-03 -6.523363e-01 -7.081047e+01 1.218516e-02 9.999188e-01 3.717579e-03 -1.145244e+01 6.522581e-01 -1.076637e-02 7.579205e-01 8.082507e+01
7.618735e-01 -2.374676e-03 -6.477215e-01 -7.137263e+01 9.606013e-03 9.999247e-01 7.633017e-03 -1.146453e+01 6.476546e-01 -1.203742e-02 7.618389e-01 8.147022e+01
7.659989e-01 -2.380171e-03 -6.428375e-01 -7.192690e+01 1.031366e-02 9.999099e-01 8.587387e-03 -1.147518e+01 6.427591e-01 -1.320793e-02 7.659545e-01 8.212260e+01
7.700438e-01 -4.537969e-05 -6.379911e-01 -7.247788e+01 8.444011e-03 9.999131e-01 1.012065e-02 -1.147821e+01 6.379352e-01 -1.318055e-02 7.699773e-01 8.277908e+01
7.744527e-01 3.763471e-03 -6.326206e-01 -7.303361e+01 6.996776e-03 9.998702e-01 1.451368e-02 -1.148712e+01 6.325931e-01 -1.566647e-02 7.743259e-01 8.344517e+01
7.779090e-01 5.644952e-03 -6.283515e-01 -7.358793e+01 9.217157e-03 9.997496e-01 2.039248e-02 -1.148995e+01 6.283093e-01 -2.165511e-02 7.776622e-01 8.412962e+01
7.813969e-01 3.270180e-03 -6.240258e-01 -7.412922e+01 1.322202e-02 9.996750e-01 2.179519e-02 -1.148964e+01 6.238943e-01 -2.528158e-02 7.810997e-01 8.481729e+01
7.848184e-01 -1.855120e-04 -6.197258e-01 -7.467469e+01 1.633379e-02 9.996588e-01 2.038581e-02 -1.149115e+01 6.195105e-01 -2.612163e-02 7.845536e-01 8.551522e+01
7.875493e-01 -1.292827e-03 -6.162503e-01 -7.522356e+01 1.728962e-02 9.996505e-01 1.999845e-02 -1.148668e+01 6.160091e-01 -2.640449e-02 7.872964e-01 8.621270e+01
7.895561e-01 -8.453362e-05 -6.136784e-01 -7.577748e+01 1.715495e-02 9.996122e-01 2.193379e-02 -1.148224e+01 6.134386e-01 -2.784558e-02 7.892514e-01 8.691499e+01
7.910982e-01 3.856945e-03 -6.116770e-01 -7.633488e+01 1.658404e-02 9.994773e-01 2.775081e-02 -1.147776e+01 6.114643e-01 -3.209769e-02 7.906207e-01 8.762385e+01
7.921382e-01 7.134559e-03 -6.103001e-01 -7.688919e+01 1.594613e-02 9.993484e-01 3.237989e-02 -1.146895e+01 6.101334e-01 -3.538127e-02 7.915083e-01 8.833731e+01
7.927935e-01 5.073315e-03 -6.094693e-01 -7.744006e+01 1.905854e-02 9.992700e-01 3.310929e-02 -1.146108e+01 6.091923e-01 -3.786443e-02 7.921180e-01 8.905519e+01
7.927065e-01 3.369089e-03 -6.095942e-01 -7.799513e+01 2.010511e-02 9.992962e-01 3.166724e-02 -1.144704e+01 6.092719e-01 -3.735879e-02 7.920809e-01 8.977200e+01
7.923255e-01 2.839980e-03 -6.100920e-01 -7.855996e+01 1.924700e-02 9.993751e-01 2.964814e-02 -1.143187e+01 6.097949e-01 -3.523342e-02 7.917757e-01 9.048984e+01
7.914860e-01 2.417582e-03 -6.111825e-01 -7.913232e+01 2.210299e-02 9.992248e-01 3.257606e-02 -1.142075e+01 6.107875e-01 -3.929246e-02 7.908190e-01 9.122107e+01
7.900351e-01 2.911388e-03 -6.130547e-01 -7.970029e+01 2.553602e-02 9.989646e-01 3.765199e-02 -1.140330e+01 6.125295e-01 -4.540138e-02 7.891428e-01 9.195433e+01
7.879394e-01 3.824692e-03 -6.157409e-01 -8.027817e+01 2.820524e-02 9.987069e-01 4.229663e-02 -1.138338e+01 6.151064e-01 -5.069430e-02 7.868127e-01 9.268773e+01
7.853279e-01 3.523521e-03 -6.190700e-01 -8.086581e+01 3.021943e-02 9.985736e-01 4.401869e-02 -1.136395e+01 6.183421e-01 -5.327705e-02 7.841012e-01 9.342288e+01
7.820851e-01 1.991858e-03 -6.231685e-01 -8.146058e+01 3.228934e-02 9.985221e-01 4.371519e-02 -1.134222e+01 6.223346e-01 -5.431069e-02 7.808649e-01 9.416002e+01
7.776607e-01 -6.978053e-05 -6.286842e-01 -8.206297e+01 3.572800e-02 9.983888e-01 4.408350e-02 -1.131823e+01 6.276681e-01 -5.674363e-02 7.764102e-01 9.490180e+01
7.726434e-01 3.437584e-03 -6.348310e-01 -8.268027e+01 3.456486e-02 9.982743e-01 4.747399e-02 -1.129283e+01 6.338987e-01 -5.862331e-02 7.711911e-01 9.564082e+01
7.678166e-01 3.440915e-03 -6.406605e-01 -8.330309e+01 3.575483e-02 9.981969e-01 4.821253e-02 -1.126712e+01 6.396712e-01 -5.992509e-02 7.663091e-01 9.637674e+01
7.631101e-01 2.738031e-03 -6.462627e-01 -8.393529e+01 3.765273e-02 9.981040e-01 4.868921e-02 -1.123761e+01 6.451707e-01 -6.148879e-02 7.615601e-01 9.711747e+01
7.586417e-01 5.464844e-03 -6.514852e-01 -8.458462e+01 3.568090e-02 9.981155e-01 4.992218e-02 -1.120625e+01 6.505303e-01 -6.111862e-02 7.570171e-01 9.785741e+01
7.544851e-01 6.882550e-03 -6.562811e-01 -8.524193e+01 3.644324e-02 9.979630e-01 5.236235e-02 -1.117666e+01 6.553046e-01 -6.342362e-02 7.526974e-01 9.859806e+01
7.499458e-01 3.432089e-03 -6.614904e-01 -8.589808e+01 4.135246e-02 9.977875e-01 5.205911e-02 -1.114144e+01 6.602055e-01 -6.639577e-02 7.481446e-01 9.934624e+01
7.457192e-01 5.484524e-04 -6.662601e-01 -8.656557e+01 4.275185e-02 9.978995e-01 4.867195e-02 -1.111036e+01 6.648873e-01 -6.477946e-02 7.441293e-01 1.000888e+02
7.423888e-01 -2.541603e-03 -6.699644e-01 -8.724316e+01 4.451829e-02 9.979698e-01 4.554487e-02 -1.107748e+01 6.684885e-01 -6.363768e-02 7.409948e-01 1.008324e+02
7.396249e-01 -3.998561e-03 -6.730075e-01 -8.792707e+01 4.525970e-02 9.980141e-01 4.381018e-02 -1.104873e+01 6.714958e-01 -6.286321e-02 7.383370e-01 1.015805e+02
7.374952e-01 -5.839505e-03 -6.753271e-01 -8.861974e+01 4.917748e-02 9.977723e-01 4.507691e-02 -1.101968e+01 6.735595e-01 -6.645489e-02 7.361395e-01 1.023360e+02
7.354325e-01 -7.016202e-03 -6.775617e-01 -8.931961e+01 5.476812e-02 9.972902e-01 4.911888e-02 -1.098928e+01 6.753810e-01 -7.323240e-02 7.338239e-01 1.031017e+02
7.333983e-01 -8.643809e-03 -6.797442e-01 -9.002813e+01 5.752681e-02 9.971216e-01 4.938789e-02 -1.096028e+01 6.773607e-01 -7.532451e-02 7.317846e-01 1.038663e+02
7.316355e-01 -1.128532e-02 -6.816026e-01 -9.073557e+01 5.542554e-02 9.975374e-01 4.297778e-02 -1.093133e+01 6.794391e-01 -6.922226e-02 7.304593e-01 1.046208e+02
7.312470e-01 -1.370958e-02 -6.819750e-01 -9.145934e+01 5.321776e-02 9.978971e-01 3.700220e-02 -1.090353e+01 6.800336e-01 -6.335093e-02 7.304389e-01 1.053837e+02
7.318048e-01 -1.034752e-02 -6.814357e-01 -9.218859e+01 4.907142e-02 9.980894e-01 3.754271e-02 -1.088362e+01 6.797453e-01 -6.091295e-02 7.309144e-01 1.061475e+02
7.326177e-01 -3.446114e-03 -6.806317e-01 -9.292665e+01 4.276211e-02 9.982447e-01 4.097401e-02 -1.085842e+01 6.792958e-01 -5.912353e-02 7.314791e-01 1.069086e+02
7.334861e-01 -1.799121e-03 -6.797021e-01 -9.366508e+01 4.234671e-02 9.981748e-01 4.305547e-02 -1.083173e+01 6.783840e-01 -6.036373e-02 7.322236e-01 1.076957e+02
7.348204e-01 -4.889432e-03 -6.782442e-01 -9.440107e+01 4.508453e-02 9.981146e-01 4.164993e-02 -1.080563e+01 6.767617e-01 -6.118354e-02 7.336553e-01 1.084902e+02
7.358271e-01 -1.015053e-02 -6.770934e-01 -9.512901e+01 4.398985e-02 9.984922e-01 3.283697e-02 -1.079062e+01 6.757391e-01 -5.394756e-02 7.351641e-01 1.092776e+02
7.371112e-01 -1.369250e-02 -6.756327e-01 -9.587843e+01 3.958446e-02 9.989528e-01 2.294144e-02 -1.077666e+01 6.746111e-01 -4.365495e-02 7.368814e-01 1.100707e+02
7.382804e-01 -1.725430e-02 -6.742732e-01 -9.662140e+01 3.888118e-02 9.990991e-01 1.700565e-02 -1.077286e+01 6.733724e-01 -3.877148e-02 7.382862e-01 1.108757e+02
7.396698e-01 -1.841288e-02 -6.727180e-01 -9.736642e+01 3.999232e-02 9.990616e-01 1.662733e-02 -1.077356e+01 6.717806e-01 -3.920229e-02 7.397121e-01 1.116911e+02
7.409140e-01 -2.094254e-02 -6.712733e-01 -9.811874e+01 4.377726e-02 9.988940e-01 1.715517e-02 -1.077099e+01 6.701716e-01 -4.209701e-02 7.410114e-01 1.125175e+02
7.417780e-01 -2.295938e-02 -6.702524e-01 -9.886528e+01 4.730926e-02 9.987154e-01 1.814701e-02 -1.077314e+01 6.689747e-01 -4.517020e-02 7.419114e-01 1.133422e+02
7.424382e-01 -2.934807e-02 -6.692714e-01 -9.961952e+01 5.138305e-02 9.985916e-01 1.321138e-02 -1.077724e+01 6.679411e-01 -4.419784e-02 7.429005e-01 1.141727e+02
7.431171e-01 -3.276148e-02 -6.683589e-01 -1.003681e+02 5.129978e-02 9.986506e-01 8.086188e-03 -1.078737e+01 6.671921e-01 -4.029565e-02 7.437950e-01 1.149987e+02
7.439095e-01 -3.033409e-02 -6.675916e-01 -1.011252e+02 4.807682e-02 9.988101e-01 8.188856e-03 -1.079665e+01 6.665488e-01 -3.818745e-02 7.444826e-01 1.158258e+02
7.448057e-01 -2.539996e-02 -6.667978e-01 -1.018856e+02 4.435855e-02 9.989495e-01 1.149557e-02 -1.080911e+01 6.658053e-01 -3.814015e-02 7.451500e-01 1.166563e+02
7.453237e-01 -2.370797e-02 -6.662811e-01 -1.026454e+02 4.216137e-02 9.990433e-01 1.161459e-02 -1.081667e+01 6.653683e-01 -3.674795e-02 7.456102e-01 1.174889e+02
7.460623e-01 -1.875555e-02 -6.656119e-01 -1.034097e+02 3.746095e-02 9.992023e-01 1.383331e-02 -1.082528e+01 6.648215e-01 -3.525496e-02 7.461698e-01 1.183250e+02
7.467249e-01 -1.668708e-02 -6.649237e-01 -1.041601e+02 3.654820e-02 9.992043e-01 1.596822e-02 -1.083425e+01 6.641281e-01 -3.622563e-02 7.467406e-01 1.191572e+02
7.468162e-01 -1.936360e-02 -6.647485e-01 -1.049292e+02 3.675471e-02 9.992500e-01 1.218496e-02 -1.084678e+01 6.640140e-01 -3.353256e-02 7.469678e-01 1.200076e+02
7.468874e-01 -2.434499e-02 -6.645048e-01 -1.056940e+02 3.656093e-02 9.993214e-01 4.482175e-03 -1.085751e+01 6.639447e-01 -2.764259e-02 7.472706e-01 1.208571e+02
7.468094e-01 -2.860428e-02 -6.644227e-01 -1.064622e+02 3.717997e-02 9.993078e-01 -1.231342e-03 -1.087579e+01 6.639980e-01 -2.378364e-02 7.473560e-01 1.217087e+02
7.467801e-01 -2.919559e-02 -6.644299e-01 -1.072237e+02 3.856655e-02 9.992559e-01 -5.615892e-04 -1.089430e+01 6.639519e-01 -2.520538e-02 7.473504e-01 1.225601e+02
7.471633e-01 -2.661159e-02 -6.641075e-01 -1.079992e+02 3.432043e-02 9.994099e-01 -1.434874e-03 -1.092369e+01 6.637537e-01 -2.172037e-02 7.476357e-01 1.234145e+02
7.475942e-01 -2.976718e-02 -6.634884e-01 -1.087766e+02 3.211885e-02 9.994466e-01 -8.649504e-03 -1.094831e+01 6.633787e-01 -1.484416e-02 7.481366e-01 1.242677e+02
7.478514e-01 -3.518256e-02 -6.629332e-01 -1.095488e+02 2.989122e-02 9.993665e-01 -1.931729e-02 -1.098101e+01 6.631928e-01 -5.369418e-03 7.484293e-01 1.251212e+02
7.487740e-01 -3.917648e-02 -6.616666e-01 -1.103228e+02 2.967166e-02 9.992322e-01 -2.558545e-02 -1.102131e+01 6.621609e-01 -4.750291e-04 7.493615e-01 1.259730e+02
7.492867e-01 -4.010553e-02 -6.610303e-01 -1.110832e+02 3.228608e-02 9.991899e-01 -2.402539e-02 -1.106781e+01 6.614583e-01 -3.340172e-03 7.499745e-01 1.268292e+02
7.495876e-01 -4.215536e-02 -6.605614e-01 -1.118505e+02 3.756946e-02 9.990707e-01 -2.112534e-02 -1.111399e+01 6.608380e-01 -8.981636e-03 7.504748e-01 1.277032e+02
7.497191e-01 -4.325723e-02 -6.603409e-01 -1.126095e+02 4.030765e-02 9.989935e-01 -1.967812e-02 -1.116022e+01 6.605275e-01 -1.186373e-02 7.507081e-01 1.285632e+02
7.500956e-01 -4.711821e-02 -6.596487e-01 -1.133576e+02 4.347400e-02 9.988143e-01 -2.190968e-02 -1.120427e+01 6.598989e-01 -1.224321e-02 7.512547e-01 1.294114e+02
7.510626e-01 -4.666555e-02 -6.585798e-01 -1.141195e+02 3.989810e-02 9.988840e-01 -2.527788e-02 -1.125373e+01 6.590244e-01 -7.290810e-03 7.520862e-01 1.302624e+02
7.522317e-01 -4.571599e-02 -6.573108e-01 -1.148734e+02 3.580865e-02 9.989523e-01 -2.849746e-02 -1.130571e+01 6.579249e-01 -2.100721e-03 7.530806e-01 1.311040e+02
7.531088e-01 -4.189965e-02 -6.565604e-01 -1.156316e+02 3.197684e-02 9.991216e-01 -2.708176e-02 -1.135697e+01 6.571184e-01 -5.992206e-04 7.537871e-01 1.319558e+02
7.541605e-01 -3.662151e-02 -6.556682e-01 -1.163878e+02 2.969821e-02 9.993243e-01 -2.165661e-02 -1.140528e+01 6.560182e-01 -3.139612e-03 7.547385e-01 1.328060e+02
7.562377e-01 -3.438976e-02 -6.533926e-01 -1.171328e+02 2.959832e-02 9.993935e-01 -1.834356e-02 -1.145443e+01 6.536272e-01 -5.467237e-03 7.567969e-01 1.336545e+02
7.582933e-01 -3.556390e-02 -6.509428e-01 -1.178803e+02 2.891105e-02 9.993630e-01 -2.092073e-02 -1.149730e+01 6.512722e-01 -2.955396e-03 7.588384e-01 1.345106e+02
7.598368e-01 -4.076167e-02 -6.488347e-01 -1.186145e+02 3.200776e-02 9.991677e-01 -2.528699e-02 -1.154416e+01 6.493254e-01 -1.553759e-03 7.605091e-01 1.353659e+02
7.612125e-01 -4.395529e-02 -6.470112e-01 -1.193453e+02 3.386056e-02 9.990333e-01 -2.803308e-02 -1.159485e+01 6.476180e-01 -5.690330e-04 7.619650e-01 1.362248e+02
7.626595e-01 -4.552676e-02 -6.451960e-01 -1.200757e+02 3.574006e-02 9.989620e-01 -2.824259e-02 -1.164781e+01 6.458120e-01 -1.519868e-03 7.634949e-01 1.370815e+02
7.641920e-01 -4.470982e-02 -6.434373e-01 -1.207953e+02 3.513842e-02 9.989990e-01 -2.768345e-02 -1.170219e+01 6.440309e-01 -1.453894e-03 7.649981e-01 1.379326e+02
7.667348e-01 -4.197925e-02 -6.405900e-01 -1.215335e+02 3.220674e-02 9.991185e-01 -2.692551e-02 -1.175497e+01 6.411556e-01 1.341060e-05 7.674109e-01 1.388012e+02
7.693823e-01 -3.858624e-02 -6.376221e-01 -1.222705e+02 3.050292e-02 9.992545e-01 -2.366460e-02 -1.180570e+01 6.380599e-01 -1.242207e-03 7.699857e-01 1.396718e+02
7.712473e-01 -3.535286e-02 -6.355531e-01 -1.229931e+02 2.831681e-02 9.993736e-01 -2.122789e-02 -1.185194e+01 6.359054e-01 -1.624880e-03 7.717653e-01 1.405357e+02
7.728171e-01 -3.856065e-02 -6.334562e-01 -1.237063e+02 3.120382e-02 9.992539e-01 -2.275932e-02 -1.190307e+01 6.338612e-01 -2.177467e-03 7.734437e-01 1.414023e+02
7.742705e-01 -3.990723e-02 -6.315953e-01 -1.244233e+02 2.925352e-02 9.991999e-01 -2.727246e-02 -1.195123e+01 6.321783e-01 2.639870e-03 7.748184e-01 1.422673e+02
7.753071e-01 -4.342227e-02 -6.300900e-01 -1.251279e+02 3.046682e-02 9.990437e-01 -3.135997e-02 -1.200532e+01 6.308492e-01 5.116767e-03 7.758886e-01 1.431285e+02
7.756843e-01 -4.309144e-02 -6.296483e-01 -1.258221e+02 3.004266e-02 9.990565e-01 -3.136222e-02 -1.206134e+01 6.304057e-01 5.410871e-03 7.762470e-01 1.439753e+02
7.760837e-01 -4.120988e-02 -6.292821e-01 -1.265241e+02 2.868394e-02 9.991366e-01 -3.005514e-02 -1.211742e+01 6.299773e-01 5.275019e-03 7.765956e-01 1.448291e+02
7.759122e-01 -4.126494e-02 -6.294899e-01 -1.272187e+02 2.816011e-02 9.991292e-01 -3.078562e-02 -1.217067e+01 6.302121e-01 6.160430e-03 7.763986e-01 1.456775e+02
7.755593e-01 -3.835553e-02 -6.301084e-01 -1.279096e+02 2.567777e-02 9.992431e-01 -2.922016e-02 -1.222190e+01 6.307523e-01 6.482189e-03 7.759572e-01 1.465109e+02
7.749852e-01 -3.744184e-02 -6.308692e-01 -1.285957e+02 2.537719e-02 9.992820e-01 -2.813263e-02 -1.227631e+01 6.314696e-01 5.792682e-03 7.753790e-01 1.473437e+02
