1.000000e+00 0.000000e+00 0.000000e+00 0.000000e+00 0.000000e+00 1.000000e+00 0.000000e+00 0.000000e+00 0.000000e+00 0.000000e+00 1.000000e+00 0.000000e+00
9.999953e-01 3.044347e-03 3.294614e-04 -9.068919e-03 -3.044786e-03 9.999945e-01 1.339576e-03 -1.103649e-02 -3.253814e-04 -1.340573e-03 9.999990e-01 7.796422e-01
9.999810e-01 6.133777e-03 5.369238e-04 -1.779841e-02 -6.134680e-03 9.999797e-01 1.698215e-03 -2.926714e-02 -5.264965e-04 -1.701477e-03 9.999984e-01 1.549167e+00
9.999692e-01 7.804155e-03 8.426660e-04 -1.744612e-02 -7.805074e-03 9.999689e-01 1.092984e-03 -4.126481e-02 -8.341100e-04 -1.099528e-03 9.999990e-01 2.305340e+00
9.999472e-01 1.022945e-02 9.287413e-04 -2.208276e-02 -1.022998e-02 9.999475e-01 5.698282e-04 -5.469425e-02 -9.228635e-04 -5.792992e-04 9.999994e-01 3.044248e+00
9.999413e-01 1.074519e-02 1.369237e-03 -2.886168e-02 -1.074545e-02 9.999422e-01 1.833677e-04 -6.939563e-02 -1.367187e-03 -1.980700e-04 9.999990e-01 3.767062e+00
9.999327e-01 1.144118e-02 1.932605e-03 -3.811423e-02 -1.144280e-02 9.999342e-01 8.285246e-04 -8.392944e-02 -1.922998e-03 -8.505832e-04 9.999978e-01 4.475069e+00
9.999158e-01 1.269670e-02 2.684265e-03 -4.622532e-02 -1.270592e-02 9.999133e-01 3.446108e-03 -9.612814e-02 -2.640278e-03 -3.479924e-03 9.999905e-01 5.163090e+00
9.999044e-01 1.316386e-02 4.235676e-03 -5.131336e-02 -1.319439e-02 9.998866e-01 7.260298e-03 -1.075418e-01 -4.139622e-03 -7.315491e-03 9.999647e-01 5.835732e+00
9.999020e-01 1.291306e-02 5.406184e-03 -4.478562e-02 -1.296894e-02 9.998615e-01 1.043348e-02 -1.127381e-01 -5.270707e-03 -1.050257e-02 9.999310e-01 6.481423e+00
9.999035e-01 1.230156e-02 6.457255e-03 -4.314812e-02 -1.238183e-02 9.998447e-01 1.254126e-02 -1.235352e-01 -6.301975e-03 -1.262000e-02 9.999005e-01 7.105596e+00
9.998867e-01 1.297362e-02 7.629813e-03 -4.160640e-02 -1.306665e-02 9.998393e-01 1.227157e-02 -1.333789e-01 -7.469380e-03 -1.236988e-02 9.998956e-01 7.696679e+00
9.998614e-01 1.413913e-02 8.794148e-03 -4.231529e-02 -1.422299e-02 9.998533e-01 9.547479e-03 -1.435231e-01 -8.657864e-03 -9.671234e-03 9.999158e-01 8.259562e+00
9.998512e-01 1.423838e-02 9.735963e-03 -3.780140e-02 -1.430300e-02 9.998759e-01 6.600080e-03 -1.505801e-01 -9.640780e-03 -6.738352e-03 9.999308e-01 8.798153e+00
9.998537e-01 1.283194e-02 1.130618e-02 -2.544230e-02 -1.288996e-02 9.999041e-01 5.073171e-03 -1.575984e-01 -1.123999e-02 -5.218165e-03 9.999232e-01 9.305105e+00
9.998686e-01 9.465493e-03 1.315898e-02 -1.464961e-02 -9.497696e-03 9.999520e-01 2.386922e-03 -1.619120e-01 -1.313575e-02 -2.511588e-03 9.999106e-01 9.792045e+00
9.998551e-01 8.147278e-03 1.494444e-02 -2.998306e-03 -8.165226e-03 9.999660e-01 1.140370e-03 -1.754583e-01 -1.493464e-02 -1.262230e-03 9.998877e-01 1.024345e+01
9.997733e-01 1.276048e-02 1.704567e-02 -8.283553e-04 -1.274661e-02 9.999183e-01 -9.223291e-04 -1.880481e-01 -1.705605e-02 7.048455e-04 9.998543e-01 1.066161e+01
9.996521e-01 1.705470e-02 2.012085e-02 -6.264522e-04 -1.702289e-02 9.998536e-01 -1.751224e-03 -2.014920e-01 -2.014778e-02 1.408099e-03 9.997960e-01 1.105836e+01
9.995701e-01 1.763962e-02 2.341709e-02 9.240458e-03 -1.762418e-02 9.998443e-01 -8.658639e-04 -2.084944e-01 -2.342872e-02 4.527848e-04 9.997254e-01 1.141559e+01
9.995600e-01 1.341809e-02 2.645228e-02 2.610081e-02 -1.340849e-02 9.999100e-01 -5.402809e-04 -2.151870e-01 -2.645715e-02 1.853581e-04 9.996499e-01 1.174830e+01
9.995455e-01 8.386163e-03 2.895664e-02 4.214684e-02 -8.365118e-03 9.999647e-01 -8.478389e-04 -2.212495e-01 -2.896272e-02 6.052279e-04 9.995803e-01 1.205956e+01
9.994982e-01 4.929707e-03 3.128820e-02 6.360346e-02 -4.944203e-03 9.999877e-01 3.859804e-04 -2.280416e-01 -3.128592e-02 -5.404820e-04 9.995103e-01 1.233063e+01
9.994121e-01 4.817089e-03 3.394439e-02 7.161631e-02 -4.866880e-03 9.999872e-01 1.384353e-03 -2.334285e-01 -3.393728e-02 -1.548743e-03 9.994228e-01 1.257694e+01
9.993365e-01 5.766500e-03 3.596374e-02 8.370827e-02 -5.781197e-03 9.999832e-01 3.046727e-04 -2.386389e-01 -3.596138e-02 -5.123840e-04 9.993530e-01 1.279261e+01
9.992506e-01 6.682765e-03 3.812627e-02 9.120818e-02 -6.639891e-03 9.999772e-01 -1.251039e-03 -2.438998e-01 -3.813376e-02 9.969474e-04 9.992721e-01 1.298237e+01
9.991355e-01 8.902205e-03 4.060815e-02 9.984346e-02 -8.818923e-03 9.999586e-01 -2.229544e-03 -2.471901e-01 -4.062631e-02 1.869497e-03 9.991727e-01 1.316279e+01
9.990406e-01 1.162372e-02 4.222243e-02 1.062147e-01 -1.150982e-02 9.999294e-01 -2.939803e-03 -2.529376e-01 -4.225362e-02 2.451011e-03 9.991039e-01 1.333796e+01
9.989643e-01 1.300523e-02 4.360277e-02 1.133012e-01 -1.282502e-02 9.999080e-01 -4.410059e-03 -2.620856e-01 -4.365611e-02 3.846285e-03 9.990392e-01 1.349433e+01
9.988896e-01 1.213207e-02 4.552376e-02 1.231822e-01 -1.186495e-02 9.999108e-01 -6.133336e-03 -2.710983e-01 -4.559411e-02 5.586388e-03 9.989444e-01 1.364542e+01
9.988372e-01 1.085582e-02 4.697267e-02 1.344116e-01 -1.050057e-02 9.999144e-01 -7.803040e-03 -2.720398e-01 -4.705336e-02 7.300726e-03 9.988657e-01 1.379574e+01
9.987889e-01 1.024391e-02 4.812213e-02 1.436141e-01 -9.821345e-03 9.999112e-01 -9.009278e-03 -2.786973e-01 -4.821015e-02 8.525743e-03 9.988008e-01 1.394138e+01
9.987076e-01 1.093209e-02 4.963468e-02 1.495790e-01 -1.042096e-02 9.998901e-01 -1.054502e-02 -2.813904e-01 -4.974451e-02 1.001415e-02 9.987118e-01 1.407710e+01
9.986356e-01 1.174868e-02 5.088043e-02 1.550544e-01 -1.111012e-02 9.998562e-01 -1.281499e-02 -2.817518e-01 -5.102367e-02 1.223222e-02 9.986225e-01 1.420769e+01
9.985882e-01 1.199030e-02 5.174832e-02 1.599777e-01 -1.122534e-02 9.998238e-01 -1.504781e-02 -2.881180e-01 -5.191963e-02 1.444567e-02 9.985468e-01 1.433347e+01
9.985554e-01 1.156177e-02 5.247366e-02 1.696566e-01 -1.066120e-02 9.997916e-01 -1.741000e-02 -2.980284e-01 -5.266401e-02 1.682541e-02 9.984705e-01 1.445607e+01
9.985904e-01 1.087234e-02 5.195125e-02 1.776012e-01 -9.879130e-03 9.997642e-01 -1.933672e-02 -3.073767e-01 -5.214924e-02 1.879623e-02 9.984624e-01 1.458357e+01
9.986969e-01 1.052863e-02 4.993565e-02 1.815995e-01 -9.504265e-03 9.997404e-01 -2.070695e-02 -3.097454e-01 -5.014070e-02 2.020537e-02 9.985378e-01 1.470687e+01
9.988318e-01 1.135477e-02 4.696861e-02 1.865621e-01 -1.034335e-02 9.997106e-01 -2.172125e-02 -3.162098e-01 -4.720165e-02 2.121006e-02 9.986602e-01 1.483163e+01
9.990027e-01 1.245333e-02 4.287878e-02 1.877977e-01 -1.147313e-02 9.996689e-01 -2.303037e-02 -3.229697e-01 -4.315138e-02 2.251545e-02 9.988148e-01 1.496126e+01
9.992233e-01 1.305962e-02 3.717933e-02 1.839029e-01 -1.216115e-02 9.996310e-01 -2.429022e-02 -3.217285e-01 -3.748283e-02 2.381921e-02 9.990134e-01 1.508571e+01
9.994432e-01 1.345499e-02 3.053323e-02 1.837096e-01 -1.269048e-02 9.996045e-01 -2.509557e-02 -3.249742e-01 -3.085881e-02 2.469412e-02 9.992187e-01 1.520997e+01
9.996365e-01 1.344835e-02 2.336795e-02 1.785978e-01 -1.284079e-02 9.995806e-01 -2.595814e-02 -3.244971e-01 -2.370724e-02 2.564864e-02 9.993899e-01 1.533760e+01
9.997974e-01 1.309494e-02 1.528338e-02 1.674644e-01 -1.267805e-02 9.995534e-01 -2.706227e-02 -3.227683e-01 -1.563093e-02 2.686302e-02 9.995169e-01 1.547530e+01
9.999113e-01 1.222118e-02 5.296839e-03 1.564552e-01 -1.206595e-02 9.995236e-01 -2.840839e-02 -3.262742e-01 -5.641499e-03 2.834196e-02 9.995824e-01 1.560961e+01
9.999167e-01 1.040123e-02 -7.644845e-03 1.448668e-01 -1.062691e-02 9.994905e-01 -3.009794e-02 -3.280362e-01 7.327894e-03 3.017668e-02 9.995177e-01 1.574921e+01
9.996655e-01 9.901931e-03 -2.389392e-02 1.250347e-01 -1.066645e-02 9.994283e-01 -3.208387e-02 -3.297517e-01 2.356257e-02 3.232800e-02 9.991995e-01 1.590897e+01
9.990201e-01 1.012361e-02 -4.308637e-02 9.383529e-02 -1.155363e-02 9.993862e-01 -3.307100e-02 -3.328685e-01 4.272513e-02 3.353640e-02 9.985238e-01 1.607466e+01
9.978214e-01 1.151431e-02 -6.496126e-02 5.912086e-02 -1.365840e-02 9.993732e-01 -3.265868e-02 -3.387852e-01 6.454450e-02 3.347480e-02 9.973532e-01 1.626468e+01
9.960020e-01 1.221911e-02 -8.849148e-02 1.462155e-02 -1.503854e-02 9.993980e-01 -3.126472e-02 -3.429693e-01 8.805618e-02 3.247050e-02 9.955861e-01 1.645596e+01
9.932584e-01 1.306083e-02 -1.151835e-01 -3.868016e-02 -1.658259e-02 9.994222e-01 -2.967020e-02 -3.523931e-01 1.147294e-01 3.138022e-02 9.929010e-01 1.666595e+01
9.893129e-01 1.405015e-02 -1.451294e-01 -1.057018e-01 -1.822046e-02 9.994572e-01 -2.744593e-02 -3.610192e-01 1.446650e-01 2.979694e-02 9.890319e-01 1.688702e+01
9.839006e-01 1.426107e-02 -1.781467e-01 -1.769083e-01 -1.877489e-02 9.995433e-01 -2.367753e-02 -3.775095e-01 1.777276e-01 2.664102e-02 9.837190e-01 1.711172e+01
9.765419e-01 1.492261e-02 -2.148097e-01 -2.699343e-01 -1.957237e-02 9.996176e-01 -1.953509e-02 -3.830193e-01 2.144361e-01 2.328117e-02 9.764605e-01 1.736528e+01
9.669116e-01 1.632305e-02 -2.545889e-01 -3.748519e-01 -2.051560e-02 9.996940e-01 -1.382115e-02 -3.887635e-01 2.542854e-01 1.858688e-02 9.669506e-01 1.762117e+01
9.549540e-01 2.044112e-02 -2.960490e-01 -4.977277e-01 -2.412104e-02 9.996705e-01 -8.782647e-03 -3.914219e-01 2.957719e-01 1.552803e-02 9.551324e-01 1.788917e+01
9.408692e-01 2.453335e-02 -3.378806e-01 -6.473989e-01 -2.747597e-02 9.996147e-01 -3.928606e-03 -4.005903e-01 3.376541e-01 1.297990e-02 9.411808e-01 1.817115e+01
9.240797e-01 2.696343e-02 -3.812476e-01 -7.880563e-01 -2.830382e-02 9.995972e-01 2.092019e-03 -4.053545e-01 3.811504e-01 8.857573e-03 9.244706e-01 1.844133e+01
9.046718e-01 3.009372e-02 -4.250450e-01 -9.433483e-01 -2.858946e-02 9.995420e-01 9.918615e-03 -4.055017e-01 4.251489e-01 3.178719e-03 9.051179e-01 1.872058e+01
8.826664e-01 3.411403e-02 -4.687603e-01 -1.129697e+00 -2.970238e-02 9.994175e-01 1.680362e-02 -4.029233e-01 4.690605e-01 -9.086966e-04 8.831656e-01 1.900232e+01
8.576026e-01 3.891499e-02 -5.128386e-01 -1.342816e+00 -3.240248e-02 9.992406e-01 2.163836e-02 -4.003827e-01 5.132912e-01 -1.939867e-03 8.582123e-01 1.928718e+01
8.291752e-01 4.200606e-02 -5.574083e-01 -1.568352e+00 -3.356633e-02 9.991147e-01 2.536113e-02 -3.979346e-01 5.579801e-01 -2.318672e-03 8.298511e-01 1.956431e+01
7.978109e-01 4.547666e-02 -6.011901e-01 -1.811389e+00 -3.637596e-02 9.989654e-01 2.729331e-02 -3.898957e-01 6.018093e-01 9.396413e-05 7.986398e-01 1.984162e+01
7.637430e-01 4.798343e-02 -6.437346e-01 -2.092115e+00 -3.701628e-02 9.988480e-01 3.053622e-02 -3.784589e-01 6.444582e-01 5.068365e-04 7.646393e-01 2.011619e+01
7.263212e-01 5.161678e-02 -6.854147e-01 -2.397766e+00 -3.829157e-02 9.986664e-01 3.463008e-02 -3.611979e-01 6.862881e-01 1.093046e-03 7.273290e-01 2.038926e+01
6.871680e-01 5.280619e-02 -7.245769e-01 -2.728050e+00 -3.656129e-02 9.986047e-01 3.810329e-02 -3.445116e-01 7.255780e-01 3.081073e-04 6.881399e-01 2.065029e+01
6.458027e-01 5.273966e-02 -7.616806e-01 -3.079224e+00 -3.424396e-02 9.986083e-01 4.011053e-02 -3.316944e-01 7.627360e-01 1.794685e-04 6.467100e-01 2.091221e+01
6.026008e-01 5.169027e-02 -7.963670e-01 -3.456420e+00 -2.908725e-02 9.986597e-01 4.281065e-02 -3.205521e-01 7.975125e-01 -2.633603e-03 6.032966e-01 2.116512e+01
5.573883e-01 5.170860e-02 -8.286401e-01 -3.867168e+00 -2.468058e-02 9.986495e-01 4.571598e-02 -3.026114e-01 8.298850e-01 -5.030237e-03 5.579118e-01 2.141082e+01
5.099960e-01 5.286014e-02 -8.585510e-01 -4.299660e+00 -2.297146e-02 9.985910e-01 4.783677e-02 -2.757955e-01 8.598700e-01 -4.674388e-03 5.104917e-01 2.163602e+01
4.595471e-01 5.217247e-02 -8.866197e-01 -4.760420e+00 -2.186858e-02 9.986352e-01 4.742915e-02 -2.493937e-01 8.878841e-01 -2.406821e-03 4.600608e-01 2.184315e+01
4.066074e-01 5.084342e-02 -9.121871e-01 -5.244478e+00 -1.676463e-02 9.986974e-01 4.819248e-02 -2.244064e-01 9.134491e-01 -4.302947e-03 4.069301e-01 2.203101e+01
3.523257e-01 4.985317e-02 -9.345487e-01 -5.752865e+00 -1.140922e-02 9.987348e-01 4.897587e-02 -2.013169e-01 9.358079e-01 -6.592983e-03 3.524487e-01 2.219883e+01
2.978199e-01 4.852906e-02 -9.533878e-01 -6.276958e+00 -8.786278e-03 9.988041e-01 4.809616e-02 -1.730453e-01 9.545817e-01 -5.947262e-03 2.978901e-01 2.233439e+01
2.437909e-01 5.413374e-02 -9.683158e-01 -6.833530e+00 -8.278351e-03 9.985207e-01 5.373813e-02 -1.438913e-01 9.697925e-01 -5.084810e-03 2.438784e-01 2.245040e+01
1.917664e-01 5.895090e-02 -9.796685e-01 -7.411488e+00 -6.230120e-03 9.982474e-01 5.884935e-02 -1.141867e-01 9.814208e-01 -5.181872e-03 1.917975e-01 2.253489e+01
1.428207e-01 6.004026e-02 -9.879258e-01 -8.011216e+00 -1.002419e-03 9.981666e-01 6.051772e-02 -8.583442e-02 9.897481e-01 -7.652869e-03 1.426191e-01 2.260614e+01
9.793437e-02 6.124290e-02 -9.933067e-01 -8.624002e+00 1.192130e-03 9.980968e-01 6.165578e-02 -6.196495e-02 9.951922e-01 -7.222371e-03 9.767496e-02 2.265181e+01
5.694992e-02 5.891834e-02 -9.966370e-01 -9.274052e+00 3.663913e-05 9.982570e-01 5.901620e-02 -1.671320e-02 9.983770e-01 -3.397484e-03 5.684850e-02 2.267686e+01
2.087536e-02 5.409786e-02 -9.983174e-01 -9.919217e+00 -2.956128e-03 9.985340e-01 5.404778e-02 2.563311e-02 9.997777e-01 1.822888e-03 2.100467e-02 2.267781e+01
-8.020978e-03 5.367528e-02 -9.985262e-01 -1.060573e+01 -5.803451e-03 9.985390e-01 5.372259e-02 6.669923e-02 9.999510e-01 6.225806e-03 -7.697758e-03 2.265982e+01
-2.922648e-02 5.745684e-02 -9.979201e-01 -1.131344e+01 -7.715656e-03 9.983039e-01 5.770491e-02 1.033520e-01 9.995430e-01 9.386119e-03 -2.873359e-02 2.262770e+01
-4.202740e-02 6.303486e-02 -9.971260e-01 -1.204130e+01 -7.207930e-03 9.979627e-01 6.339155e-02 1.433291e-01 9.990905e-01 9.851397e-03 -4.148743e-02 2.258564e+01
-5.004295e-02 6.527944e-02 -9.966114e-01 -1.279468e+01 -8.753056e-03 9.977947e-01 6.579646e-02 1.841062e-01 9.987087e-01 1.201604e-02 -4.936119e-02 2.253885e+01
-5.402456e-02 6.226161e-02 -9.965966e-01 -1.358340e+01 -8.399301e-03 9.979905e-01 6.280401e-02 2.229315e-01 9.985043e-01 1.176367e-02 -5.339304e-02 2.249806e+01
-5.326767e-02 5.812517e-02 -9.968872e-01 -1.436558e+01 -1.548822e-03 9.982985e-01 5.829022e-02 2.662264e-01 9.985791e-01 4.648984e-03 -5.308700e-02 2.246136e+01
-4.838181e-02 5.626203e-02 -9.972431e-01 -1.514607e+01 9.269988e-03 9.983946e-01 5.587726e-02 3.145710e-01 9.987859e-01 -6.540988e-03 -4.882569e-02 2.242144e+01
-4.279274e-02 5.601796e-02 -9.975123e-01 -1.599834e+01 8.586082e-03 9.984106e-01 5.570007e-02 3.579275e-01 9.990471e-01 -6.181164e-03 -4.320570e-02 2.238809e+01
-3.761098e-02 5.427740e-02 -9.978173e-01 -1.687784e+01 5.757604e-03 9.985190e-01 5.409855e-02 3.949429e-01 9.992759e-01 -3.710338e-03 -3.786778e-02 2.235084e+01
-3.446145e-02 4.772384e-02 -9.982659e-01 -1.776982e+01 8.436737e-03 9.988375e-01 4.745991e-02 4.353497e-01 9.993704e-01 -6.786570e-03 -3.482402e-02 2.232332e+01
-3.237277e-02 3.673323e-02 -9.988006e-01 -1.865343e+01 5.584853e-03 9.993154e-01 3.657115e-02 4.693368e-01 9.994603e-01 -4.394245e-03 -3.255576e-02 2.228901e+01
-3.169272e-02 2.809630e-02 -9.991027e-01 -1.954024e+01 -2.714431e-03 9.995987e-01 2.819635e-02 4.950400e-01 9.994940e-01 3.605614e-03 -3.160374e-02 2.224159e+01
-3.308919e-02 2.493211e-02 -9.991414e-01 -2.048462e+01 -9.073588e-03 9.996401e-01 2.524505e-02 5.229745e-01 9.994112e-01 9.901136e-03 -3.285106e-02 2.219163e+01
-3.651423e-02 3.056043e-02 -9.988657e-01 -2.142679e+01 -1.916499e-02 9.993271e-01 3.127513e-02 5.494186e-01 9.991493e-01 2.028524e-02 -3.590397e-02 2.213630e+01
-4.133187e-02 3.843382e-02 -9.984060e-01 -2.240007e+01 -2.473000e-02 9.989144e-01 3.947716e-02 5.755620e-01 9.988394e-01 2.632224e-02 -4.033654e-02 2.207959e+01
-4.562346e-02 4.767591e-02 -9.978204e-01 -2.343432e+01 -2.711421e-02 9.984334e-01 4.894495e-02 6.152290e-01 9.985907e-01 2.928815e-02 -4.425929e-02 2.201215e+01
-4.694475e-02 5.739247e-02 -9.972474e-01 -2.446129e+01 -2.915580e-02 9.978440e-01 5.879929e-02 6.601252e-01 9.984719e-01 3.183586e-02 -4.517022e-02 2.194972e+01
-4.784209e-02 6.499909e-02 -9.967378e-01 -2.548308e+01 -2.770619e-02 9.974102e-01 6.637279e-02 7.074804e-01 9.984706e-01 3.079122e-02 -4.591731e-02 2.189553e+01
-4.929364e-02 6.554765e-02 -9.966311e-01 -2.650996e+01 -2.728885e-02 9.973833e-01 6.694683e-02 7.601686e-01 9.984115e-01 3.049697e-02 -4.737593e-02 2.184094e+01
-5.109036e-02 6.258494e-02 -9.967311e-01 -2.753050e+01 -2.916571e-02 9.975153e-01 6.412916e-02 8.102519e-01 9.982681e-01 3.234675e-02 -4.913808e-02 2.178275e+01
-5.406220e-02 5.740608e-02 -9.968861e-01 -2.855283e+01 -3.006768e-02 9.977998e-01 5.908930e-02 8.566977e-01 9.980848e-01 3.316855e-02 -5.221719e-02 2.172344e+01
-5.851261e-02 5.204316e-02 -9.969292e-01 -2.955776e+01 -3.029148e-02 9.980878e-01 5.388154e-02 8.978928e-01 9.978270e-01 3.335121e-02 -5.682425e-02 2.165547e+01
-6.439890e-02 4.721195e-02 -9.968068e-01 -3.057943e+01 -3.067564e-02 9.983146e-01 4.926517e-02 9.370808e-01 9.974526e-01 3.375031e-02 -6.284210e-02 2.159014e+01
-7.159779e-02 4.489624e-02 -9.964226e-01 -3.158074e+01 -3.224513e-02 9.983601e-01 4.730050e-02 9.754423e-01 9.969122e-01 3.551638e-02 -7.003269e-02 2.152446e+01
-7.814031e-02 4.712233e-02 -9.958281e-01 -3.263068e+01 -3.258621e-02 9.982278e-01 4.979285e-02 1.013320e+00 9.964097e-01 3.634109e-02 -7.646630e-02 2.143675e+01
-8.441389e-02 5.168376e-02 -9.950895e-01 -3.370498e+01 -3.480396e-02 9.978916e-01 5.478174e-02 1.054844e+00 9.958228e-01 3.925739e-02 -8.243712e-02 2.133305e+01
-9.032154e-02 5.436376e-02 -9.944278e-01 -3.477705e+01 -3.819116e-02 9.975855e-01 5.800520e-02 1.097149e+00 9.951801e-01 4.321747e-02 -8.802724e-02 2.121944e+01
-9.497207e-02 5.649496e-02 -9.938756e-01 -3.585405e+01 -4.158373e-02 9.972917e-01 6.066278e-02 1.146247e+00 9.946110e-01 4.709033e-02 -9.236559e-02 2.110608e+01
-9.756733e-02 5.752785e-02 -9.935649e-01 -3.693870e+01 -4.663041e-02 9.969673e-01 6.230392e-02 1.196325e+00 9.941359e-01 5.240917e-02 -9.458889e-02 2.098712e+01
-9.912036e-02 5.845493e-02 -9.933570e-01 -3.802015e+01 -5.113009e-02 9.966552e-01 6.375094e-02 1.247463e+00 9.937610e-01 5.710945e-02 -9.580001e-02 2.086375e+01
-1.007478e-01 5.775880e-02 -9.932340e-01 -3.910656e+01 -5.332528e-02 9.965650e-01 6.336150e-02 1.298668e+00 9.934819e-01 5.934801e-02 -9.732173e-02 2.074697e+01
-1.020640e-01 5.665223e-02 -9.931634e-01 -4.019314e+01 -5.443532e-02 9.965631e-01 6.244029e-02 1.350622e+00 9.932873e-01 6.043608e-02 -9.862932e-02 2.062485e+01
-1.031488e-01 5.568043e-02 -9.931062e-01 -4.127744e+01 -5.606999e-02 9.965189e-01 6.169547e-02 1.402071e+00 9.930843e-01 6.204727e-02 -9.966776e-02 2.050557e+01
-1.039990e-01 5.451254e-02 -9.930824e-01 -4.237345e+01 -5.898951e-02 9.964009e-01 6.087229e-02 1.451933e+00 9.928265e-01 6.491210e-02 -1.004090e-01 2.037850e+01
-1.046482e-01 5.186702e-02 -9.931559e-01 -4.346786e+01 -6.423054e-02 9.962016e-01 5.879401e-02 1.499543e+00 9.924330e-01 6.994363e-02 -1.009193e-01 2.024712e+01
-1.050855e-01 4.676472e-02 -9.933630e-01 -4.455947e+01 -6.977472e-02 9.960852e-01 5.427417e-02 1.544961e+00 9.920124e-01 7.501505e-02 -1.014112e-01 2.012243e+01
-1.041636e-01 4.588894e-02 -9.935010e-01 -4.566216e+01 -7.192717e-02 9.959716e-01 5.354426e-02 1.591513e+00 9.919559e-01 7.703707e-02 -1.004433e-01 1.999396e+01
-1.023299e-01 4.978265e-02 -9.935040e-01 -4.676812e+01 -7.337366e-02 9.956486e-01 5.744753e-02 1.636321e+00 9.920408e-01 7.877563e-02 -9.823193e-02 1.987051e+01
-1.002663e-01 5.263085e-02 -9.935676e-01 -4.790284e+01 -7.426293e-02 9.954186e-01 6.022318e-02 1.685829e+00 9.921853e-01 7.982360e-02 -9.589839e-02 1.974263e+01
-9.871421e-02 5.193432e-02 -9.937597e-01 -4.900924e+01 -7.286675e-02 9.955791e-01 5.926756e-02 1.740664e+00 9.924444e-01 7.826259e-02 -9.449353e-02 1.962871e+01
-9.632913e-02 5.103851e-02 -9.940401e-01 -5.012225e+01 -7.305430e-02 9.956284e-01 5.819951e-02 1.788161e+00 9.926650e-01 7.822522e-02 -9.217943e-02 1.952164e+01
-9.209465e-02 5.134585e-02 -9.944256e-01 -5.125478e+01 -7.767065e-02 9.952565e-01 5.858191e-02 1.836470e+00 9.927164e-01 8.263276e-02 -8.766973e-02 1.940179e+01
-8.617601e-02 5.171357e-02 -9.949369e-01 -5.240298e+01 -8.346655e-02 9.947664e-01 5.893413e-02 1.895764e+00 9.927774e-01 8.812265e-02 -8.140864e-02 1.928646e+01
-8.000405e-02 5.114339e-02 -9.954816e-01 -5.353905e+01 -8.772012e-02 9.944470e-01 5.814005e-02 1.945240e+00 9.929273e-01 9.197521e-02 -7.507349e-02 1.917470e+01
-7.426200e-02 4.991478e-02 -9.959888e-01 -5.468592e+01 -8.991594e-02 9.943434e-01 5.653655e-02 2.000442e+00 9.931769e-01 9.375379e-02 -6.935379e-02 1.908312e+01
-6.779747e-02 4.877445e-02 -9.965062e-01 -5.584277e+01 -9.028313e-02 9.944065e-01 5.481411e-02 2.052808e+00 9.936058e-01 9.368395e-02 -6.301473e-02 1.898072e+01
-6.250501e-02 4.844475e-02 -9.968682e-01 -5.700094e+01 -8.902512e-02 9.945691e-01 5.391502e-02 2.095930e+00 9.940662e-01 9.211627e-02 -5.785275e-02 1.890887e+01
-5.677859e-02 4.879880e-02 -9.971935e-01 -5.816458e+01 -8.870325e-02 9.946083e-01 5.372290e-02 2.145200e+00 9.944385e-01 9.150461e-02 -5.214384e-02 1.883248e+01
-5.086228e-02 5.028372e-02 -9.974390e-01 -5.932678e+01 -8.824912e-02 9.945987e-01 5.464061e-02 2.188478e+00 9.947990e-01 9.080226e-02 -4.615006e-02 1.876609e+01
-4.490422e-02 5.085014e-02 -9.976963e-01 -6.048944e+01 -8.932410e-02 9.944990e-01 5.470748e-02 2.243699e+00 9.949899e-01 9.157492e-02 -4.011506e-02 1.870001e+01
-3.985815e-02 4.970598e-02 -9.979683e-01 -6.165000e+01 -8.970603e-02 9.945508e-01 5.311856e-02 2.289984e+00 9.951704e-01 9.164098e-02 -3.518203e-02 1.865710e+01
-3.451535e-02 4.467728e-02 -9.984050e-01 -6.281919e+01 -9.052581e-02 9.947538e-01 4.764341e-02 2.339517e+00 9.952958e-01 9.202585e-02 -3.028983e-02 1.860359e+01
-2.956669e-02 3.920508e-02 -9.987937e-01 -6.399348e+01 -9.095803e-02 9.949793e-01 4.174793e-02 2.377849e+00 9.954157e-01 9.208265e-02 -2.585223e-02 1.855206e+01
-2.534854e-02 3.825643e-02 -9.989464e-01 -6.516302e+01 -9.159424e-02 9.949754e-01 4.042859e-02 2.415658e+00 9.954737e-01 9.252254e-02 -2.171711e-02 1.850684e+01
-2.221181e-02 4.028656e-02 -9.989413e-01 -6.633706e+01 -9.121826e-02 9.949383e-01 4.215340e-02 2.449319e+00 9.955832e-01 9.205799e-02 -1.842451e-02 1.847662e+01
-2.004172e-02 3.968446e-02 -9.990112e-01 -6.751186e+01 -9.175276e-02 9.949224e-01 4.136274e-02 2.483098e+00 9.955801e-01 9.249102e-02 -1.629879e-02 1.844608e+01
-1.845554e-02 3.914881e-02 -9.990629e-01 -6.869486e+01 -9.401170e-02 9.947382e-01 4.071601e-02 2.521147e+00 9.954000e-01 9.467504e-02 -1.467798e-02 1.840455e+01
-1.742254e-02 3.980647e-02 -9.990555e-01 -6.987878e+01 -9.539262e-02 9.945829e-01 4.129182e-02 2.553363e+00 9.952872e-01 9.602193e-02 -1.353091e-02 1.837223e+01
-1.603924e-02 3.908540e-02 -9.991071e-01 -7.107231e+01 -9.648062e-02 9.945124e-01 4.045451e-02 2.590287e+00 9.952056e-01 9.704333e-02 -1.218024e-02 1.834502e+01
-1.484485e-02 3.692860e-02 -9.992076e-01 -7.227428e+01 -9.738851e-02 9.945130e-01 3.820196e-02 2.618605e+00 9.951357e-01 9.787845e-02 -1.116697e-02 1.832266e+01
-1.413850e-02 3.538287e-02 -9.992738e-01 -7.348138e+01 -9.609479e-02 9.946998e-01 3.658053e-02 2.648171e+00 9.952718e-01 9.654220e-02 -1.066346e-02 1.830541e+01
-1.391353e-02 3.512125e-02 -9.992862e-01 -7.470679e+01 -9.315039e-02 9.949913e-01 3.626728e-02 2.673383e+00 9.955548e-01 9.358850e-02 -1.057228e-02 1.829452e+01
-1.370659e-02 3.626714e-02 -9.992481e-01 -7.589997e+01 -9.057481e-02 9.951886e-01 3.736221e-02 2.690899e+00 9.957953e-01 9.101882e-02 -1.035575e-02 1.827811e+01
-1.360070e-02 3.884126e-02 -9.991528e-01 -7.708941e+01 -9.042328e-02 9.951032e-01 3.991470e-02 2.718952e+00 9.958106e-01 9.088954e-02 -1.002195e-02 1.825725e+01
-1.334596e-02 4.227572e-02 -9.990168e-01 -7.831068e+01 -9.304608e-02 9.947182e-01 4.333683e-02 2.748297e+00 9.955724e-01 9.353297e-02 -9.341875e-03 1.823483e+01
-1.276285e-02 4.208279e-02 -9.990326e-01 -7.950519e+01 -9.557507e-02 9.944882e-01 4.311236e-02 2.777034e+00 9.953404e-01 9.603285e-02 -8.670439e-03 1.821069e+01
-1.243741e-02 3.973600e-02 -9.991328e-01 -8.069625e+01 -9.693267e-02 9.944561e-01 4.075664e-02 2.808991e+00 9.952132e-01 9.735551e-02 -8.516746e-03 1.819131e+01
-1.210915e-02 3.713573e-02 -9.992369e-01 -8.189965e+01 -9.662717e-02 9.945899e-01 3.813399e-02 2.840485e+00 9.952470e-01 9.701520e-02 -8.455313e-03 1.816884e+01
-1.192431e-02 3.620114e-02 -9.992734e-01 -8.309416e+01 -9.494780e-02 9.947880e-01 3.717165e-02 2.866373e+00 9.954108e-01 9.532206e-02 -8.424943e-03 1.814911e+01
-1.188594e-02 3.773928e-02 -9.992169e-01 -8.428424e+01 -9.403958e-02 9.948163e-01 3.869170e-02 2.886554e+00 9.954975e-01 9.442583e-02 -8.275338e-03 1.813404e+01
-1.177255e-02 4.039006e-02 -9.991146e-01 -8.546652e+01 -9.372028e-02 9.947409e-01 4.131755e-02 2.912283e+00 9.955290e-01 9.412371e-02 -7.925272e-03 1.812146e+01
-1.139235e-02 4.238981e-02 -9.990362e-01 -8.665660e+01 -9.437635e-02 9.945955e-01 4.327759e-02 2.942587e+00 9.954714e-01 9.477842e-02 -7.330186e-03 1.810563e+01
-1.125111e-02 4.240806e-02 -9.990370e-01 -8.783874e+01 -9.590110e-02 9.944489e-01 4.329333e-02 2.973145e+00 9.953273e-01 9.629585e-02 -7.121676e-03 1.808482e+01
-1.108465e-02 4.009549e-02 -9.991344e-01 -8.902034e+01 -9.593921e-02 9.945434e-01 4.097563e-02 3.002981e+00 9.953255e-01 9.631036e-02 -7.177438e-03 1.807052e+01
-1.095109e-02 3.850126e-02 -9.991985e-01 -9.020485e+01 -9.464875e-02 9.947321e-01 3.936649e-02 3.033482e+00 9.954505e-01 9.500400e-02 -7.249301e-03 1.805852e+01
-1.092091e-02 3.945294e-02 -9.991617e-01 -9.137987e+01 -9.360620e-02 9.947932e-01 4.030357e-02 3.058106e+00 9.955494e-01 9.396788e-02 -7.171011e-03 1.804487e+01
-1.077137e-02 4.220130e-02 -9.990511e-01 -9.256914e+01 -9.141715e-02 9.948834e-01 4.301088e-02 3.087696e+00 9.957544e-01 9.179369e-02 -6.858339e-03 1.802887e+01
-1.060877e-02 4.453280e-02 -9.989516e-01 -9.376083e+01 -9.048726e-02 9.948663e-01 4.531164e-02 3.120565e+00 9.958411e-01 9.087309e-02 -6.524652e-03 1.801278e+01
-1.018636e-02 4.609980e-02 -9.988849e-01 -9.495375e+01 -9.141398e-02 9.947108e-01 4.683937e-02 3.156721e+00 9.957609e-01 9.178917e-02 -5.918319e-03 1.799072e+01
-9.857380e-03 4.778485e-02 -9.988090e-01 -9.612674e+01 -9.413627e-02 9.943772e-01 4.850187e-02 3.192093e+00 9.955105e-01 9.450226e-02 -5.303666e-03 1.796897e+01
-9.446799e-03 4.668365e-02 -9.988651e-01 -9.729080e+01 -9.686511e-02 9.941691e-01 4.738028e-02 3.228903e+00 9.952527e-01 9.720276e-02 -4.869700e-03 1.794852e+01
-9.374036e-03 4.254170e-02 -9.990507e-01 -9.844434e+01 -9.945777e-02 9.941008e-01 4.326413e-02 3.261501e+00 9.949976e-01 9.976891e-02 -5.087633e-03 1.793114e+01
-9.332258e-03 4.061123e-02 -9.991314e-01 -9.961806e+01 -1.011253e-01 9.940141e-01 4.134777e-02 3.296890e+00 9.948299e-01 1.014234e-01 -5.169573e-03 1.792061e+01
-9.351736e-03 3.873939e-02 -9.992056e-01 -1.007762e+02 -1.014279e-01 9.940588e-01 3.948913e-02 3.325589e+00 9.947989e-01 1.017166e-01 -5.366920e-03 1.790717e+01
-9.433566e-03 3.867347e-02 -9.992074e-01 -1.019301e+02 -1.002927e-01 9.941765e-01 3.942563e-02 3.357012e+00 9.949132e-01 1.005852e-01 -5.499961e-03 1.789766e+01
-9.547484e-03 4.050584e-02 -9.991337e-01 -1.030881e+02 -1.003393e-01 9.940974e-01 4.126048e-02 3.388651e+00 9.949075e-01 1.006463e-01 -5.426804e-03 1.788363e+01
-9.521437e-03 4.236212e-02 -9.990570e-01 -1.042542e+02 -9.935113e-02 9.941186e-01 4.309958e-02 3.419941e+00 9.950069e-01 9.966780e-02 -5.256713e-03 1.787142e+01
-9.942289e-03 4.114244e-02 -9.991038e-01 -1.054321e+02 -1.036108e-01 9.937328e-01 4.195232e-02 3.456398e+00 9.945682e-01 1.039351e-01 -5.617176e-03 1.784913e+01
-1.029050e-02 4.214896e-02 -9.990583e-01 -1.066111e+02 -1.078245e-01 9.932390e-01 4.301406e-02 3.488253e+00 9.941167e-01 1.081656e-01 -5.676235e-03 1.782812e+01
-1.031184e-02 4.109835e-02 -9.991019e-01 -1.077705e+02 -1.112702e-01 9.929026e-01 4.199177e-02 3.519867e+00 9.937367e-01 1.116033e-01 -5.665629e-03 1.780351e+01
-1.047980e-02 3.710383e-02 -9.992565e-01 -1.089483e+02 -1.125525e-01 9.929170e-01 3.804884e-02 3.549188e+00 9.935905e-01 1.128676e-01 -6.229440e-03 1.778143e+01
-1.116659e-02 3.296450e-02 -9.993941e-01 -1.101413e+02 -1.128491e-01 9.930297e-01 3.401548e-02 3.578349e+00 9.935494e-01 1.131606e-01 -7.368739e-03 1.776130e+01
-1.196417e-02 3.176919e-02 -9.994236e-01 -1.113273e+02 -1.095656e-01 9.934353e-01 3.289045e-02 3.606156e+00 9.939076e-01 1.098959e-01 -8.404820e-03 1.774531e+01
-1.230512e-02 3.098340e-02 -9.994442e-01 -1.125576e+02 -1.053218e-01 9.939197e-01 3.210886e-02 3.629081e+00 9.943621e-01 1.056584e-01 -8.967072e-03 1.772681e+01
-1.278054e-02 3.264915e-02 -9.993852e-01 -1.138018e+02 -1.047277e-01 9.939260e-01 3.381010e-02 3.652491e+00 9.944188e-01 1.050954e-01 -9.283639e-03 1.770812e+01
-1.361174e-02 3.638859e-02 -9.992450e-01 -1.150257e+02 -1.041514e-01 9.938500e-01 3.761088e-02 3.681986e+00 9.944683e-01 1.045847e-01 -9.738105e-03 1.768650e+01
-1.411552e-02 3.625626e-02 -9.992428e-01 -1.162724e+02 -1.026148e-01 9.940134e-01 3.751608e-02 3.712850e+00 9.946210e-01 1.030667e-01 -1.031059e-02 1.766364e+01
-1.426497e-02 3.151496e-02 -9.994015e-01 -1.175183e+02 -1.030012e-01 9.941397e-01 3.281922e-02 3.747529e+00 9.945789e-01 1.034077e-01 -1.093529e-02 1.763323e+01
-1.504339e-02 2.752355e-02 -9.995080e-01 -1.187819e+02 -1.034241e-01 9.942164e-01 2.893446e-02 3.776268e+00 9.945236e-01 1.038085e-01 -1.210979e-02 1.760998e+01
-1.545445e-02 2.589192e-02 -9.995453e-01 -1.200554e+02 -1.027998e-01 9.943261e-01 2.734616e-02 3.799278e+00 9.945820e-01 1.031757e-01 -1.270508e-02 1.757500e+01
-1.601462e-02 2.693658e-02 -9.995089e-01 -1.213117e+02 -1.050927e-01 9.940547e-01 2.847344e-02 3.818942e+00 9.943335e-01 1.054971e-01 -1.308857e-02 1.754510e+01
-1.628840e-02 3.140782e-02 -9.993739e-01 -1.225758e+02 -1.098995e-01 9.933944e-01 3.301111e-02 3.843555e+00 9.938092e-01 1.103684e-01 -1.272910e-02 1.750861e+01
-1.615369e-02 3.430863e-02 -9.992807e-01 -1.238548e+02 -1.158293e-01 9.926183e-01 3.595230e-02 3.872949e+00 9.931378e-01 1.163267e-01 -1.206050e-02 1.746598e+01
-1.598269e-02 3.392519e-02 -9.992966e-01 -1.251180e+02 -1.234313e-01 9.917128e-01 3.564188e-02 3.901658e+00 9.922244e-01 1.239141e-01 -1.166281e-02 1.742072e+01
-1.547997e-02 3.162043e-02 -9.993801e-01 -1.264250e+02 -1.270310e-01 9.913385e-01 3.333365e-02 3.932980e+00 9.917779e-01 1.274683e-01 -1.132911e-02 1.738510e+01
-1.555569e-02 3.018747e-02 -9.994232e-01 -1.277237e+02 -1.295311e-01 9.910605e-01 3.195098e-02 3.958034e+00 9.914533e-01 1.299534e-01 -1.150641e-02 1.734325e+01
-1.593793e-02 2.953068e-02 -9.994368e-01 -1.290100e+02 -1.297907e-01 9.910456e-01 3.135251e-02 3.978483e+00 9.914133e-01 1.302173e-01 -1.196240e-02 1.731159e+01
-1.597650e-02 2.836288e-02 -9.994700e-01 -1.303307e+02 -1.280252e-01 9.913117e-01 3.017785e-02 4.000275e+00 9.916422e-01 1.284395e-01 -1.220653e-02 1.726958e+01
-1.630131e-02 2.881938e-02 -9.994517e-01 -1.316015e+02 -1.283409e-01 9.912556e-01 3.067631e-02 4.019060e+00 9.915961e-01 1.287706e-01 -1.246006e-02 1.723672e+01
-1.689936e-02 3.368560e-02 -9.992896e-01 -1.328792e+02 -1.285318e-01 9.910668e-01 3.558207e-02 4.040652e+00 9.915614e-01 1.290418e-01 -1.241872e-02 1.720670e+01
-1.718636e-02 3.748231e-02 -9.991495e-01 -1.342007e+02 -1.276601e-01 9.910361e-01 3.937382e-02 4.078183e+00 9.916691e-01 1.282282e-01 -1.224730e-02 1.716309e+01
-1.706326e-02 3.571076e-02 -9.992165e-01 -1.354914e+02 -1.287817e-01 9.909593e-01 3.761481e-02 4.119037e+00 9.915262e-01 1.293226e-01 -1.231011e-02 1.713316e+01
-1.625854e-02 3.417483e-02 -9.992836e-01 -1.367480e+02 -1.290920e-01 9.909793e-01 3.599118e-02 4.146483e+00 9.914993e-01 1.295846e-01 -1.170018e-02 1.710501e+01
-1.500309e-02 3.341675e-02 -9.993289e-01 -1.380298e+02 -1.284962e-01 9.910897e-01 3.507037e-02 4.170744e+00 9.915965e-01 1.289361e-01 -1.057548e-02 1.707502e+01
-1.384973e-02 3.253899e-02 -9.993745e-01 -1.392960e+02 -1.289814e-01 9.910621e-01 3.405582e-02 4.196508e+00 9.915503e-01 1.293724e-01 -9.529018e-03 1.704997e+01
-1.322080e-02 3.424609e-02 -9.993260e-01 -1.405478e+02 -1.296917e-01 9.909124e-01 3.567355e-02 4.223914e+00 9.914662e-01 1.300759e-01 -8.659221e-03 1.702789e+01
-1.208841e-02 3.780993e-02 -9.992118e-01 -1.418050e+02 -1.310600e-01 9.906043e-01 3.906978e-02 4.248201e+00 9.913007e-01 1.314290e-01 -7.019463e-03 1.699730e+01
-1.043126e-02 3.838667e-02 -9.992085e-01 -1.431128e+02 -1.335303e-01 9.902598e-01 3.943688e-02 4.291821e+00 9.909898e-01 1.338360e-01 -5.203869e-03 1.697910e+01
-9.509358e-03 3.550000e-02 -9.993244e-01 -1.444139e+02 -1.360325e-01 9.900331e-01 3.646439e-02 4.317386e+00 9.906587e-01 1.362873e-01 -4.585427e-03 1.696331e+01
-9.494478e-03 3.228868e-02 -9.994335e-01 -1.456637e+02 -1.349742e-01 9.902902e-01 3.327552e-02 4.338560e+00 9.908036e-01 1.352136e-01 -5.044151e-03 1.695046e+01
-9.310914e-03 3.049847e-02 -9.994914e-01 -1.469415e+02 -1.323128e-01 9.907085e-01 3.146305e-02 4.354861e+00 9.911643e-01 1.325385e-01 -5.189064e-03 1.693280e+01
-9.550216e-03 2.971155e-02 -9.995129e-01 -1.481863e+02 -1.313055e-01 9.908662e-01 3.070912e-02 4.373376e+00 9.912960e-01 1.315348e-01 -5.561698e-03 1.692003e+01
-9.713413e-03 2.974017e-02 -9.995105e-01 -1.494394e+02 -1.289999e-01 9.911679e-01 3.074558e-02 4.391924e+00 9.915970e-01 1.292354e-01 -5.791145e-03 1.690542e+01
-9.976005e-03 2.806250e-02 -9.995564e-01 -1.506947e+02 -1.273286e-01 9.914335e-01 2.910524e-02 4.407729e+00 9.918104e-01 1.275625e-01 -6.317387e-03 1.688813e+01
-9.938419e-03 2.786657e-02 -9.995622e-01 -1.519555e+02 -1.270757e-01 9.914718e-01 2.890450e-02 4.431967e+00 9.918432e-01 1.273074e-01 -6.312497e-03 1.686982e+01
-1.022252e-02 3.025633e-02 -9.994899e-01 -1.532339e+02 -1.251406e-01 9.916452e-01 3.129876e-02 4.447517e+00 9.920864e-01 1.253967e-01 -6.350820e-03 1.686496e+01
-1.027062e-02 3.141220e-02 -9.994537e-01 -1.544993e+02 -1.229644e-01 9.918808e-01 3.243780e-02 4.460694e+00 9.923579e-01 1.232304e-01 -6.324651e-03 1.684102e+01
-1.037416e-02 2.963001e-02 -9.995071e-01 -1.557322e+02 -1.211282e-01 9.921630e-01 3.066952e-02 4.482315e+00 9.925827e-01 1.213866e-01 -6.703829e-03 1.682382e+01
-1.112310e-02 2.954719e-02 -9.995015e-01 -1.569876e+02 -1.227955e-01 9.919573e-01 3.069072e-02 4.504374e+00 9.923697e-01 1.230757e-01 -7.405376e-03 1.681233e+01
-1.087201e-02 3.411386e-02 -9.993588e-01 -1.582349e+02 -1.242231e-01 9.916297e-01 3.520144e-02 4.527463e+00 9.921948e-01 1.245261e-01 -6.543285e-03 1.679105e+01
-1.038784e-02 4.040307e-02 -9.991295e-01 -1.594894e+02 -1.296788e-01 9.906910e-01 4.141009e-02 4.559999e+00 9.915016e-01 1.299961e-01 -5.051720e-03 1.677098e+01
-8.967347e-03 4.031729e-02 -9.991467e-01 -1.607069e+02 -1.345891e-01 9.900464e-01 4.115802e-02 4.588766e+00 9.908609e-01 1.348433e-01 -3.451822e-03 1.674372e+01
-7.519716e-03 3.637006e-02 -9.993101e-01 -1.619600e+02 -1.383456e-01 9.896903e-01 3.706099e-02 4.618403e+00 9.903555e-01 1.385288e-01 -2.410554e-03 1.672218e+01
-5.901429e-03 3.033549e-02 -9.995224e-01 -1.632237e+02 -1.417785e-01 9.894171e-01 3.086590e-02 4.654798e+00 9.898808e-01 1.418929e-01 -1.538054e-03 1.670841e+01
-4.955087e-03 2.850280e-02 -9.995814e-01 -1.644579e+02 -1.447226e-01 9.890495e-01 2.891990e-02 4.673423e+00 9.894599e-01 1.448053e-01 -7.758278e-04 1.668462e+01
-3.676592e-03 2.522366e-02 -9.996751e-01 -1.657192e+02 -1.399162e-01 9.898352e-01 2.548997e-02 4.685951e+00 9.901565e-01 1.399644e-01 -1.100218e-04 1.667724e+01
-3.617614e-03 2.051499e-02 -9.997830e-01 -1.669747e+02 -1.368621e-01 9.903714e-01 2.081709e-02 4.697628e+00 9.905835e-01 1.369077e-01 -7.750578e-04 1.667394e+01
-4.044355e-03 1.707066e-02 -9.998461e-01 -1.681934e+02 -1.307350e-01 9.912637e-01 1.745295e-02 4.699229e+00 9.914091e-01 1.307855e-01 -1.777289e-03 1.666872e+01
-5.035879e-03 1.970564e-02 -9.997931e-01 -1.694405e+02 -1.287592e-01 9.914703e-01 2.019015e-02 4.712530e+00 9.916631e-01 1.288343e-01 -2.455642e-03 1.665651e+01
-4.293150e-03 2.625164e-02 -9.996461e-01 -1.706794e+02 -1.288916e-01 9.913022e-01 2.658607e-02 4.723225e+00 9.916494e-01 1.289602e-01 -8.721917e-04 1.664731e+01
-2.314619e-03 2.946123e-02 -9.995632e-01 -1.719019e+02 -1.304140e-01 9.910203e-01 2.951143e-02 4.737107e+00 9.914569e-01 1.304254e-01 1.548324e-03 1.661722e+01
-3.446654e-04 2.583905e-02 -9.996661e-01 -1.731316e+02 -1.319291e-01 9.909270e-01 2.565865e-02 4.757429e+00 9.912591e-01 1.318939e-01 3.067383e-03 1.661007e+01
6.468255e-04 2.557024e-02 -9.996728e-01 -1.743828e+02 -1.347547e-01 9.905572e-01 2.524988e-02 4.775818e+00 9.908788e-01 1.346943e-01 4.086427e-03 1.660434e+01
1.531637e-03 2.653787e-02 -9.996466e-01 -1.756474e+02 -1.333093e-01 9.907308e-01 2.609692e-02 4.784852e+00 9.910733e-01 1.332222e-01 5.055184e-03 1.660374e+01
2.278354e-03 2.421114e-02 -9.997043e-01 -1.768608e+02 -1.340290e-01 9.906943e-01 2.368748e-02 4.798497e+00 9.909748e-01 1.339354e-01 5.502147e-03 1.659388e+01
3.817529e-03 2.263065e-02 -9.997366e-01 -1.780703e+02 -1.343391e-01 9.906931e-01 2.191296e-02 4.801876e+00 9.909281e-01 1.342200e-01 6.822181e-03 1.659263e+01
5.705375e-03 2.464496e-02 -9.996800e-01 -1.792654e+02 -1.360848e-01 9.904151e-01 2.363989e-02 4.792199e+00 9.906808e-01 1.359064e-01 9.004494e-03 1.658190e+01
7.116134e-03 2.635314e-02 -9.996274e-01 -1.804393e+02 -1.365057e-01 9.903203e-01 2.513603e-02 4.796525e+00 9.906137e-01 1.362759e-01 1.064461e-02 1.657878e+01
7.671709e-03 2.774383e-02 -9.995856e-01 -1.815645e+02 -1.377624e-01 9.901128e-01 2.642360e-02 4.795896e+00 9.904356e-01 1.375026e-01 1.141791e-02 1.657723e+01
8.414490e-03 2.870415e-02 -9.995525e-01 -1.826637e+02 -1.387322e-01 9.899547e-01 2.726065e-02 4.803182e+00 9.902942e-01 1.384408e-01 1.231216e-02 1.656330e+01
8.755866e-03 2.943923e-02 -9.995282e-01 -1.837449e+02 -1.385703e-01 9.899583e-01 2.794349e-02 4.812177e+00 9.903139e-01 1.382603e-01 1.274735e-02 1.655292e+01
9.537097e-03 2.866238e-02 -9.995437e-01 -1.848051e+02 -1.387704e-01 9.899547e-01 2.706334e-02 4.806597e+00 9.902787e-01 1.384490e-01 1.341879e-02 1.654325e+01
1.100891e-02 2.820087e-02 -9.995417e-01 -1.858058e+02 -1.404237e-01 9.897401e-01 2.637771e-02 4.816237e+00 9.900303e-01 1.400690e-01 1.485603e-02 1.654634e+01
1.256471e-02 2.890696e-02 -9.995031e-01 -1.867842e+02 -1.417430e-01 9.895396e-01 2.683696e-02 4.821521e+00 9.898238e-01 1.413353e-01 1.653063e-02 1.654299e+01
1.179889e-02 2.727126e-02 -9.995584e-01 -1.877432e+02 -1.407214e-01 9.897249e-01 2.534187e-02 4.820276e+00 9.899789e-01 1.403602e-01 1.551530e-02 1.654959e+01
8.811334e-03 2.410184e-02 -9.996707e-01 -1.887134e+02 -1.390866e-01 9.900213e-01 2.264325e-02 4.823108e+00 9.902410e-01 1.388413e-01 1.207565e-02 1.654398e+01
4.134033e-03 2.037118e-02 -9.997839e-01 -1.896688e+02 -1.394914e-01 9.900294e-01 1.959564e-02 4.825814e+00 9.902147e-01 1.393803e-01 6.934418e-03 1.653430e+01
-4.019458e-04 1.711916e-02 -9.998534e-01 -1.906260e+02 -1.417354e-01 9.897585e-01 1.700330e-02 4.830156e+00 9.899045e-01 1.417215e-01 2.028563e-03 1.651528e+01
-4.099144e-03 1.608691e-02 -9.998622e-01 -1.915733e+02 -1.441217e-01 9.894222e-01 1.650980e-02 4.836004e+00 9.895515e-01 1.441695e-01 -1.737311e-03 1.649658e+01
-6.662317e-03 1.647191e-02 -9.998421e-01 -1.925144e+02 -1.462870e-01 9.890914e-01 1.726956e-02 4.840713e+00 9.892198e-01 1.463790e-01 -4.180014e-03 1.647272e+01
-8.303122e-03 1.801955e-02 -9.998032e-01 -1.934499e+02 -1.455760e-01 9.891639e-01 1.903677e-02 4.843461e+00 9.893122e-01 1.457054e-01 -5.589935e-03 1.645064e+01
-1.002720e-02 1.938417e-02 -9.997618e-01 -1.943871e+02 -1.429305e-01 9.895179e-01 2.061909e-02 4.846009e+00 9.896819e-01 1.431032e-01 -7.151509e-03 1.643979e+01
-1.143190e-02 1.984494e-02 -9.997377e-01 -1.953129e+02 -1.415861e-01 9.896975e-01 2.126466e-02 4.842649e+00 9.898599e-01 1.417920e-01 -8.504356e-03 1.642137e+01
-1.241637e-02 1.862899e-02 -9.997494e-01 -1.962276e+02 -1.422157e-01 9.896294e-01 2.020667e-02 4.844834e+00 9.897578e-01 1.424309e-01 -9.638274e-03 1.640169e+01
-1.304530e-02 1.715985e-02 -9.997677e-01 -1.971360e+02 -1.444213e-01 9.893364e-01 1.886526e-02 4.850231e+00 9.894303e-01 1.446338e-01 -1.042794e-02 1.637920e+01
-1.226617e-02 1.630132e-02 -9.997919e-01 -1.980504e+02 -1.484722e-01 9.887538e-01 1.794291e-02 4.855437e+00 9.888405e-01 1.486614e-01 -9.707933e-03 1.634412e+01
-1.126067e-02 1.428531e-02 -9.998345e-01 -1.989710e+02 -1.513480e-01 9.883538e-01 1.582584e-02 4.859883e+00 9.884164e-01 1.515012e-01 -8.967469e-03 1.631850e+01
