1.000000e+00 1.197625e-11 1.704638e-10 -5.551115e-17 1.197625e-11 1.000000e+00 3.562503e-10 0.000000e+00 1.704638e-10 3.562503e-10 1.000000e+00 2.220446e-16
9.999999e-01 -1.943559e-04 -4.482292e-04 7.242593e-03 1.950891e-04 9.999986e-01 1.636303e-03 -3.422831e-02 4.479106e-04 -1.636390e-03 9.999986e-01 1.374613e+00
9.999997e-01 -4.745618e-04 -5.418402e-04 -1.624775e-02 4.754855e-04 9.999984e-01 1.705757e-03 -6.563572e-02 5.410299e-04 -1.706014e-03 9.999984e-01 2.749541e+00
9.999988e-01 -1.461849e-03 -6.010328e-04 -2.471122e-02 1.462103e-03 9.999988e-01 4.211796e-04 -8.262428e-02 6.004164e-04 -4.220579e-04 9.999997e-01 4.098572e+00
9.999992e-01 -1.171768e-03 -4.975107e-04 -3.305934e-02 1.171989e-03 9.999992e-01 4.434902e-04 -1.065427e-01 4.969907e-04 -4.440729e-04 9.999998e-01 5.447704e+00
9.999994e-01 -1.043097e-03 -2.747876e-04 -5.129599e-02 1.043463e-03 9.999986e-01 1.334809e-03 -1.386091e-01 2.733949e-04 -1.335095e-03 9.999991e-01 6.836201e+00
9.999981e-01 -1.932053e-03 -1.691603e-04 -4.794564e-02 1.932440e-03 9.999954e-01 2.320551e-03 -1.562346e-01 1.646761e-04 -2.320874e-03 9.999973e-01 8.214758e+00
9.999994e-01 -9.700556e-04 -4.057133e-04 -5.130895e-02 9.710137e-04 9.999967e-01 2.368086e-03 -1.646068e-01 4.034148e-04 -2.368479e-03 9.999971e-01 9.576512e+00
9.999998e-01 1.524951e-04 -6.224683e-04 -6.087024e-02 -1.521716e-04 9.999999e-01 5.196219e-04 -1.846387e-01 6.225474e-04 -5.195270e-04 9.999997e-01 1.093335e+01
9.999947e-01 3.194408e-03 -5.967321e-04 -7.604181e-02 -3.195502e-03 9.999932e-01 -1.841871e-03 -2.025147e-01 5.908444e-04 1.843768e-03 9.999981e-01 1.229130e+01
9.999757e-01 6.966835e-03 -3.897511e-04 -9.091070e-02 -6.967892e-03 9.999719e-01 -2.778499e-03 -2.282715e-01 3.703828e-04 2.781147e-03 9.999961e-01 1.365056e+01
9.999521e-01 9.778311e-03 -4.463630e-04 -9.245562e-02 -9.779619e-03 9.999476e-01 -3.030028e-03 -2.549740e-01 4.167111e-04 3.034248e-03 9.999953e-01 1.502770e+01
9.999307e-01 1.177165e-02 -8.713377e-05 -1.081817e-01 -1.177182e-02 9.999282e-01 -2.252758e-03 -2.887089e-01 6.060884e-05 2.253627e-03 9.999975e-01 1.643132e+01
9.999521e-01 9.788768e-03 2.718229e-04 -1.055866e-01 -9.788859e-03 9.999520e-01 3.375893e-04 -3.126878e-01 -2.685053e-04 -3.402340e-04 9.999999e-01 1.782859e+01
9.999801e-01 6.295809e-03 4.580105e-04 -1.117358e-01 -6.296718e-03 9.999781e-01 2.012800e-03 -3.392412e-01 -4.453283e-04 -2.015644e-03 9.999979e-01 1.920443e+01
9.999894e-01 4.611309e-03 1.647370e-04 -1.164261e-01 -4.611230e-03 9.999893e-01 -4.739179e-04 -3.566025e-01 -1.669207e-04 4.731532e-04 9.999999e-01 2.056758e+01
9.999920e-01 3.994466e-03 1.186833e-04 -1.188909e-01 -3.994148e-03 9.999887e-01 -2.573944e-03 -3.808800e-01 -1.289635e-04 2.573449e-03 9.999967e-01 2.195318e+01
9.999775e-01 6.669979e-03 6.846519e-04 -1.207939e-01 -6.667041e-03 9.999689e-01 -4.207045e-03 -4.114138e-01 -7.126915e-04 4.202386e-03 9.999909e-01 2.336281e+01
9.999496e-01 9.942447e-03 1.429698e-03 -1.269497e-01 -9.939198e-03 9.999480e-01 -2.262206e-03 -4.395631e-01 -1.452115e-03 2.247882e-03 9.999964e-01 2.476466e+01
9.999369e-01 1.105452e-02 2.021818e-03 -1.360373e-01 -1.105714e-02 9.999380e-01 1.288762e-03 -4.679287e-01 -2.007446e-03 -1.311036e-03 9.999971e-01 2.616086e+01
9.999535e-01 9.322890e-03 2.468657e-03 -1.319768e-01 -9.330451e-03 9.999518e-01 3.069174e-03 -4.840454e-01 -2.439924e-03 -3.092065e-03 9.999922e-01 2.756314e+01
9.999797e-01 6.013366e-03 2.107032e-03 -1.349377e-01 -6.015703e-03 9.999813e-01 1.104259e-03 -5.022916e-01 -2.100352e-03 -1.116912e-03 9.999972e-01 2.893528e+01
9.999777e-01 6.321393e-03 2.141477e-03 -1.412866e-01 -6.318662e-03 9.999792e-01 -1.279406e-03 -5.248155e-01 -2.149520e-03 1.265847e-03 9.999969e-01 3.031549e+01
9.999743e-01 6.630446e-03 2.722461e-03 -1.406434e-01 -6.620382e-03 9.999713e-01 -3.689065e-03 -5.545135e-01 -2.746843e-03 3.670946e-03 9.999895e-01 3.171233e+01
9.999407e-01 1.036738e-02 3.339072e-03 -1.477628e-01 -1.035184e-02 9.999357e-01 -4.638858e-03 -5.776790e-01 -3.386950e-03 4.604017e-03 9.999837e-01 3.309711e+01
9.999225e-01 1.191981e-02 3.605249e-03 -1.456201e-01 -1.189393e-02 9.999039e-01 -7.116591e-03 -5.999104e-01 -3.689731e-03 7.073158e-03 9.999682e-01 3.450182e+01
9.999048e-01 1.332628e-02 3.576588e-03 -1.426060e-01 -1.330255e-02 9.998899e-01 -6.579337e-03 -6.288177e-01 -3.663872e-03 6.531133e-03 9.999720e-01 3.591823e+01
9.999033e-01 1.348345e-02 3.410314e-03 -1.406280e-01 -1.346462e-02 9.998943e-01 -5.486778e-03 -6.535068e-01 -3.483935e-03 5.440329e-03 9.999791e-01 3.733185e+01
9.998795e-01 1.522169e-02 3.052556e-03 -1.405550e-01 -1.520907e-02 9.998759e-01 -4.115431e-03 -6.814268e-01 -3.114821e-03 4.068509e-03 9.999869e-01 3.874468e+01
9.998230e-01 1.854983e-02 3.139444e-03 -1.492262e-01 -1.853781e-02 9.998209e-01 -3.815943e-03 -7.138482e-01 -3.209667e-03 3.757069e-03 9.999878e-01 4.017345e+01
9.997714e-01 2.111000e-02 3.390145e-03 -1.551232e-01 -2.109556e-02 9.997685e-01 -4.241535e-03 -7.393474e-01 -3.478899e-03 4.169048e-03 9.999853e-01 4.159289e+01
9.997092e-01 2.389733e-02 3.228669e-03 -1.592863e-01 -2.388434e-02 9.997067e-01 -4.003576e-03 -7.622985e-01 -3.323397e-03 3.925297e-03 9.999868e-01 4.302599e+01
9.996810e-01 2.509150e-02 2.872260e-03 -1.633178e-01 -2.507996e-02 9.996775e-01 -3.987404e-03 -7.934212e-01 -2.971383e-03 3.914096e-03 9.999879e-01 4.448073e+01
9.996797e-01 2.518153e-02 2.518561e-03 -1.669532e-01 -2.517087e-02 9.996744e-01 -4.178152e-03 -8.228987e-01 -2.622953e-03 4.113419e-03 9.999881e-01 4.592329e+01
9.996915e-01 2.477313e-02 1.815726e-03 -1.691425e-01 -2.476429e-02 9.996821e-01 -4.740338e-03 -8.535549e-01 -1.932582e-03 4.693910e-03 9.999871e-01 4.736392e+01
9.996941e-01 2.471501e-02 9.852275e-04 -1.763262e-01 -2.471031e-02 9.996844e-01 -4.528116e-03 -8.861337e-01 -1.096829e-03 4.502385e-03 9.999893e-01 4.880822e+01
9.996771e-01 2.541065e-02 3.376160e-05 -1.821695e-01 -2.541039e-02 9.996713e-01 -3.396433e-03 -9.182254e-01 -1.200561e-04 3.394478e-03 9.999942e-01 5.023972e+01
9.996535e-01 2.630407e-02 -1.017885e-03 -1.920476e-01 -2.630768e-02 9.996470e-01 -3.720181e-03 -9.514976e-01 9.196698e-04 3.745671e-03 9.999926e-01 5.167875e+01
9.996340e-01 2.696651e-02 -2.155255e-03 -2.013205e-01 -2.697359e-02 9.996306e-01 -3.327458e-03 -9.841326e-01 2.064729e-03 3.384375e-03 9.999921e-01 5.312268e+01
9.996169e-01 2.748590e-02 -3.254900e-03 -2.067436e-01 -2.749364e-02 9.996192e-01 -2.357414e-03 -1.021227e+00 3.188865e-03 2.446000e-03 9.999919e-01 5.457783e+01
9.996346e-01 2.674893e-02 -3.904866e-03 -2.147181e-01 -2.675470e-02 9.996410e-01 -1.432360e-03 -1.054293e+00 3.865150e-03 1.536310e-03 9.999914e-01 5.604234e+01
9.996627e-01 2.557076e-02 -4.531086e-03 -2.176401e-01 -2.557741e-02 9.996718e-01 -1.415954e-03 -1.082659e+00 4.493392e-03 1.531370e-03 9.999887e-01 5.749271e+01
9.997047e-01 2.378167e-02 -4.988604e-03 -2.260730e-01 -2.379237e-02 9.997147e-01 -2.095950e-03 -1.114210e+00 4.937335e-03 2.214022e-03 9.999854e-01 5.894009e+01
9.997160e-01 2.327409e-02 -5.123554e-03 -2.268378e-01 -2.328392e-02 9.997272e-01 -1.866539e-03 -1.145561e+00 5.078714e-03 1.985306e-03 9.999851e-01 6.039528e+01
9.997443e-01 2.209114e-02 -4.832272e-03 -2.296168e-01 -2.209797e-02 9.997549e-01 -1.363890e-03 -1.165857e+00 4.800957e-03 1.470325e-03 9.999874e-01 6.183811e+01
9.997591e-01 2.154398e-02 -4.205083e-03 -2.429033e-01 -2.154792e-02 9.997674e-01 -8.937803e-04 -1.192991e+00 4.184849e-03 9.841757e-04 9.999908e-01 6.328800e+01
9.997932e-01 1.997528e-02 -3.809086e-03 -2.554593e-01 -1.998098e-02 9.997993e-01 -1.465222e-03 -1.217502e+00 3.779053e-03 1.541028e-03 9.999917e-01 6.474167e+01
9.998191e-01 1.872262e-02 -3.361207e-03 -2.661810e-01 -1.873033e-02 9.998220e-01 -2.277360e-03 -1.243255e+00 3.317971e-03 2.339904e-03 9.999918e-01 6.617410e+01
9.998024e-01 1.967853e-02 -2.822429e-03 -2.749682e-01 -1.968618e-02 9.998025e-01 -2.708758e-03 -1.271076e+00 2.768567e-03 2.763786e-03 9.999923e-01 6.761305e+01
9.997640e-01 2.163230e-02 -2.009729e-03 -2.877080e-01 -2.163840e-02 9.997612e-01 -3.064085e-03 -1.296754e+00 1.942966e-03 3.106849e-03 9.999933e-01 6.907977e+01
9.996702e-01 2.565115e-02 -1.245246e-03 -3.012186e-01 -2.565348e-02 9.996691e-01 -1.888454e-03 -1.329678e+00 1.196393e-03 1.919776e-03 9.999974e-01 7.049300e+01
9.995643e-01 2.951329e-02 -3.017573e-04 -3.208196e-01 -2.951350e-02 9.995641e-01 -7.275843e-04 -1.358932e+00 2.801524e-04 7.361733e-04 9.999997e-01 7.193846e+01
9.994205e-01 3.403521e-02 4.800648e-04 -3.313650e-01 -3.403505e-02 9.994206e-01 -3.374317e-04 -1.389216e+00 -4.912712e-04 3.208971e-04 9.999998e-01 7.334230e+01
9.992321e-01 3.916567e-02 1.133785e-03 -3.455739e-01 -3.916474e-02 9.992324e-01 -8.258688e-04 -1.416929e+00 -1.165261e-03 7.808302e-04 9.999990e-01 7.476716e+01
9.990767e-01 4.292561e-02 1.793978e-03 -3.557396e-01 -4.292317e-02 9.990774e-01 -1.376886e-03 -1.451945e+00 -1.851427e-03 1.298612e-03 9.999974e-01 7.617763e+01
9.989596e-01 4.553499e-02 2.518904e-03 -3.663090e-01 -4.553108e-02 9.989617e-01 -1.589892e-03 -1.485504e+00 -2.588684e-03 1.473550e-03 9.999956e-01 7.761366e+01
9.989223e-01 4.633032e-02 2.766136e-03 -3.636271e-01 -4.632651e-02 9.989253e-01 -1.425600e-03 -1.514192e+00 -2.829212e-03 1.295918e-03 9.999952e-01 7.902488e+01
9.989526e-01 4.566259e-02 2.933784e-03 -3.681559e-01 -4.565759e-02 9.989556e-01 -1.748896e-03 -1.542452e+00 -3.010580e-03 1.613115e-03 9.999942e-01 8.042638e+01
9.990006e-01 4.461815e-02 2.667276e-03 -3.653566e-01 -4.461130e-02 9.990011e-01 -2.572301e-03 -1.576427e+00 -2.779383e-03 2.450740e-03 9.999931e-01 8.182059e+01
9.989868e-01 4.493967e-02 2.388997e-03 -3.730835e-01 -4.493297e-02 9.989861e-01 -2.790228e-03 -1.605927e+00 -2.511967e-03 2.680056e-03 9.999933e-01 8.323937e+01
9.989654e-01 4.542884e-02 2.079950e-03 -3.800317e-01 -4.542297e-02 9.989640e-01 -2.785712e-03 -1.632372e+00 -2.204347e-03 2.688353e-03 9.999940e-01 8.467155e+01
9.989502e-01 4.578475e-02 1.531751e-03 -3.888673e-01 -4.577945e-02 9.989460e-01 -3.336612e-03 -1.665998e+00 -1.682902e-03 3.262986e-03 9.999933e-01 8.609333e+01
9.989142e-01 4.658004e-02 7.911515e-04 -3.968414e-01 -4.657742e-02 9.989100e-01 -3.065218e-03 -1.701422e+00 -9.330671e-04 3.025040e-03 9.999950e-01 8.751245e+01
9.989056e-01 4.677163e-02 1.233539e-05 -4.142343e-01 -4.677146e-02 9.989027e-01 -2.396675e-03 -1.730690e+00 -1.244183e-04 2.393476e-03 9.999971e-01 8.894122e+01
9.989868e-01 4.499122e-02 -1.063047e-03 -4.202654e-01 -4.499285e-02 9.989861e-01 -1.559645e-03 -1.755697e+00 9.917988e-04 1.605895e-03 9.999982e-01 9.036056e+01
9.990500e-01 4.352069e-02 -2.226445e-03 -4.288685e-01 -4.352333e-02 9.990517e-01 -1.153797e-03 -1.785950e+00 2.174120e-03 1.249603e-03 9.999969e-01 9.174606e+01
9.991114e-01 4.204687e-02 -2.897123e-03 -4.417316e-01 -4.205040e-02 9.991148e-01 -1.165674e-03 -1.814497e+00 2.845545e-03 1.286464e-03 9.999951e-01 9.315661e+01
9.991550e-01 4.095655e-02 -3.431222e-03 -4.527824e-01 -4.096230e-02 9.991594e-01 -1.622896e-03 -1.846187e+00 3.361869e-03 1.762076e-03 9.999928e-01 9.457488e+01
9.991863e-01 4.015800e-02 -3.762009e-03 -4.629006e-01 -4.016619e-02 9.991907e-01 -2.128220e-03 -1.865353e+00 3.673500e-03 2.277594e-03 9.999907e-01 9.600694e+01
9.991366e-01 4.135789e-02 -3.937406e-03 -4.767216e-01 -4.136938e-02 9.991398e-01 -2.882534e-03 -1.898732e+00 3.814803e-03 3.042933e-03 9.999881e-01 9.740042e+01
9.991305e-01 4.150111e-02 -3.997903e-03 -4.908677e-01 -4.151459e-02 9.991323e-01 -3.351211e-03 -1.935641e+00 3.855355e-03 3.514269e-03 9.999864e-01 9.881174e+01
9.990907e-01 4.245211e-02 -3.959986e-03 -5.092921e-01 -4.246882e-02 9.990888e-01 -4.235324e-03 -1.962446e+00 3.776580e-03 4.399648e-03 9.999832e-01 1.002164e+02
9.990079e-01 4.438514e-02 -3.635238e-03 -5.298228e-01 -4.439996e-02 9.990054e-01 -4.104350e-03 -1.994280e+00 3.449450e-03 4.261682e-03 9.999850e-01 1.016138e+02
9.989343e-01 4.604083e-02 -3.248442e-03 -5.526112e-01 -4.605019e-02 9.989350e-01 -2.867304e-03 -2.026860e+00 3.112970e-03 3.013840e-03 9.999906e-01 1.030256e+02
9.988542e-01 4.775333e-02 -3.136404e-03 -5.669325e-01 -4.775823e-02 9.988578e-01 -1.505230e-03 -2.060958e+00 3.060942e-03 1.653294e-03 9.999939e-01 1.043865e+02
9.988469e-01 4.791488e-02 -3.021249e-03 -5.764327e-01 -4.792386e-02 9.988466e-01 -2.972233e-03 -2.095662e+00 2.875350e-03 3.113595e-03 9.999910e-01 1.057482e+02
9.987905e-01 4.907125e-02 -3.092392e-03 -5.834251e-01 -4.908820e-02 9.987784e-01 -5.664432e-03 -2.122683e+00 2.810653e-03 5.809381e-03 9.999792e-01 1.070935e+02
9.987992e-01 4.888413e-02 -3.232279e-03 -5.923857e-01 -4.890584e-02 9.987787e-01 -7.017961e-03 -2.147081e+00 2.885265e-03 7.167612e-03 9.999701e-01 1.084671e+02
9.988910e-01 4.698366e-02 -3.038215e-03 -6.016304e-01 -4.700098e-02 9.988774e-01 -5.905590e-03 -2.175375e+00 2.757338e-03 6.041840e-03 9.999779e-01 1.098165e+02
9.989899e-01 4.487428e-02 -2.354308e-03 -6.046764e-01 -4.488343e-02 9.989842e-01 -3.993493e-03 -2.204553e+00 2.172712e-03 4.095128e-03 9.999893e-01 1.111813e+02
9.990502e-01 4.354756e-02 -1.521977e-03 -6.099021e-01 -4.355279e-02 9.990447e-01 -3.587946e-03 -2.230046e+00 1.364277e-03 3.650825e-03 9.999924e-01 1.125593e+02
9.990553e-01 4.344933e-02 -7.736303e-04 -6.177216e-01 -4.345277e-02 9.990420e-01 -5.186959e-03 -2.261580e+00 5.475193e-04 5.215675e-03 9.999862e-01 1.139107e+02
9.989389e-01 4.605553e-02 -1.738721e-04 -6.294292e-01 -4.605551e-02 9.989098e-01 -7.625611e-03 -2.296839e+00 -1.775190e-04 7.625527e-03 9.999709e-01 1.152753e+02
9.988268e-01 4.842017e-02 7.539739e-04 -6.297695e-01 -4.841052e-02 9.987798e-01 -9.762013e-03 -2.331950e+00 -1.225732e-03 9.714060e-03 9.999521e-01 1.166483e+02
9.986513e-01 5.187680e-02 2.109330e-03 -6.381454e-01 -5.185374e-02 9.986065e-01 -9.814539e-03 -2.372538e+00 -2.615537e-03 9.691925e-03 9.999496e-01 1.180015e+02
9.985498e-01 5.370396e-02 3.769124e-03 -6.507215e-01 -5.367251e-02 9.985265e-01 -8.001600e-03 -2.410400e+00 -4.193288e-03 7.787698e-03 9.999609e-01 1.193981e+02
9.985196e-01 5.416923e-02 4.926301e-03 -6.510357e-01 -5.413944e-02 9.985154e-01 -5.992179e-03 -2.439236e+00 -5.243579e-03 5.716601e-03 9.999699e-01 1.207787e+02
9.985161e-01 5.415364e-02 5.740820e-03 -6.489812e-01 -5.412112e-02 9.985182e-01 -5.676471e-03 -2.470034e+00 -6.039715e-03 5.357348e-03 9.999674e-01 1.221448e+02
9.984368e-01 5.547865e-02 6.781348e-03 -6.421131e-01 -5.543529e-02 9.984416e-01 -6.421830e-03 -2.505652e+00 -7.127054e-03 6.035866e-03 9.999564e-01 1.235126e+02
9.982902e-01 5.790151e-02 8.006645e-03 -6.397135e-01 -5.784607e-02 9.983010e-01 -6.990330e-03 -2.547099e+00 -8.397793e-03 6.515225e-03 9.999435e-01 1.248859e+02
9.981114e-01 6.073614e-02 9.206450e-03 -6.343611e-01 -6.066976e-02 9.981310e-01 -7.326102e-03 -2.594823e+00 -9.634203e-03 6.753713e-03 9.999308e-01 1.262712e+02
9.980357e-01 6.181109e-02 1.020154e-02 -6.378418e-01 -6.172486e-02 9.980565e-01 -8.561943e-03 -2.619505e+00 -1.071094e-02 7.915437e-03 9.999113e-01 1.276751e+02
9.979256e-01 6.341283e-02 1.110864e-02 -6.291690e-01 -6.330868e-02 9.979489e-01 -9.489500e-03 -2.654449e+00 -1.168762e-02 8.766541e-03 9.998933e-01 1.290450e+02
9.979288e-01 6.317102e-02 1.214639e-02 -6.255601e-01 -6.305281e-02 9.979613e-01 -9.880562e-03 -2.691236e+00 -1.274579e-02 9.094233e-03 9.998774e-01 1.304423e+02
9.978881e-01 6.361711e-02 1.311972e-02 -6.186732e-01 -6.350122e-02 9.979406e-01 -9.068751e-03 -2.724065e+00 -1.366963e-02 8.216481e-03 9.998728e-01 1.318212e+02
9.979303e-01 6.275661e-02 1.402662e-02 -6.132724e-01 -6.264448e-02 9.980014e-01 -8.296438e-03 -2.765723e+00 -1.451924e-02 7.400577e-03 9.998672e-01 1.332203e+02
9.979290e-01 6.269376e-02 1.439144e-02 -6.021771e-01 -6.258614e-02 9.980090e-01 -7.811156e-03 -2.817268e+00 -1.485250e-02 6.894275e-03 9.998659e-01 1.345964e+02
9.980449e-01 6.081132e-02 1.443504e-02 -5.880048e-01 -6.070348e-02 9.981254e-01 -7.795302e-03 -2.848913e+00 -1.488202e-02 6.903804e-03 9.998654e-01 1.359763e+02
9.981145e-01 5.968862e-02 1.430516e-02 -5.819421e-01 -5.959243e-02 9.981978e-01 -7.059189e-03 -2.884400e+00 -1.470074e-02 6.193400e-03 9.998728e-01 1.373612e+02
9.981805e-01 5.871772e-02 1.370662e-02 -5.679152e-01 -5.862082e-02 9.982531e-01 -7.368255e-03 -2.923722e+00 -1.411533e-02 6.551355e-03 9.998789e-01 1.387261e+02
9.982452e-01 5.785384e-02 1.262640e-02 -5.596936e-01 -5.776310e-02 9.983026e-01 -7.436483e-03 -2.963061e+00 -1.303520e-02 6.694093e-03 9.998926e-01 1.401070e+02
9.983084e-01 5.697946e-02 1.156036e-02 -5.469500e-01 -5.690666e-02 9.983581e-01 -6.532565e-03 -3.001238e+00 -1.191360e-02 5.863653e-03 9.999118e-01 1.414716e+02
9.983712e-01 5.607049e-02 1.053943e-02 -5.411777e-01 -5.600468e-02 9.984097e-01 -6.439096e-03 -3.033165e+00 -1.088371e-02 5.838350e-03 9.999237e-01 1.428369e+02
9.983603e-01 5.647473e-02 9.345457e-03 -5.361180e-01 -5.641503e-02 9.983860e-01 -6.533234e-03 -3.067212e+00 -9.699337e-03 5.995297e-03 9.999350e-01 1.441949e+02
9.983522e-01 5.680116e-02 8.156056e-03 -5.308089e-01 -5.674406e-02 9.983637e-01 -7.069807e-03 -3.107735e+00 -8.544284e-03 6.595350e-03 9.999417e-01 1.455714e+02
9.983145e-01 5.757776e-02 7.281727e-03 -5.271505e-01 -5.752329e-02 9.983161e-01 -7.480680e-03 -3.146328e+00 -7.700187e-03 7.049202e-03 9.999455e-01 1.469365e+02
9.984098e-01 5.603037e-02 6.201357e-03 -5.199323e-01 -5.596639e-02 9.983821e-01 -1.005061e-02 -3.182397e+00 -6.754463e-03 9.687558e-03 9.999303e-01 1.483236e+02
9.986607e-01 5.147445e-02 5.221235e-03 -5.146526e-01 -5.141705e-02 9.986211e-01 -1.058826e-02 -3.220030e+00 -5.759061e-03 1.030562e-02 9.999303e-01 1.496924e+02
9.990151e-01 4.417606e-02 4.171085e-03 -4.977115e-01 -4.414018e-02 9.989906e-01 -8.334801e-03 -3.258411e+00 -4.535073e-03 8.142479e-03 9.999566e-01 1.510597e+02
9.992709e-01 3.809208e-02 2.583403e-03 -4.863398e-01 -3.807356e-02 9.992513e-01 -6.874636e-03 -3.298251e+00 -2.843338e-03 6.771264e-03 9.999730e-01 1.524126e+02
9.993518e-01 3.596728e-02 1.501139e-03 -4.837502e-01 -3.594978e-02 9.992995e-01 -1.039422e-02 -3.343095e+00 -1.873939e-03 1.033352e-02 9.999449e-01 1.537866e+02
9.993058e-01 3.722277e-02 1.575553e-03 -4.838949e-01 -3.719768e-02 9.992136e-01 -1.373347e-02 -3.379223e+00 -2.085512e-03 1.366533e-02 9.999045e-01 1.551469e+02
9.991532e-01 4.107521e-02 2.394782e-03 -4.892085e-01 -4.103218e-02 9.990318e-01 -1.587133e-02 -3.428870e+00 -3.044381e-03 1.575963e-02 9.998712e-01 1.565169e+02
9.991298e-01 4.159147e-02 3.135007e-03 -4.881844e-01 -4.153622e-02 9.990088e-01 -1.600343e-02 -3.479199e+00 -3.797506e-03 1.585928e-02 9.998670e-01 1.578955e+02
9.992269e-01 3.911377e-02 3.963208e-03 -4.810009e-01 -3.906035e-02 9.991553e-01 -1.276240e-02 -3.518582e+00 -4.459046e-03 1.259773e-02 9.999107e-01 1.592771e+02
9.993896e-01 3.462063e-02 4.673611e-03 -4.759996e-01 -3.457098e-02 9.993490e-01 -1.031699e-02 -3.558297e+00 -5.027749e-03 1.014912e-02 9.999359e-01 1.606489e+02
9.994886e-01 3.159994e-02 4.905633e-03 -4.739308e-01 -3.155401e-02 9.994600e-01 -9.171830e-03 -3.595231e+00 -5.192813e-03 9.012346e-03 9.999459e-01 1.620262e+02
9.995082e-01 3.093589e-02 5.125075e-03 -4.735105e-01 -3.088663e-02 9.994784e-01 -9.427301e-03 -3.637050e+00 -5.414044e-03 9.264368e-03 9.999424e-01 1.634152e+02
9.994139e-01 3.367428e-02 6.156591e-03 -4.653674e-01 -3.361901e-02 9.993953e-01 -8.871248e-03 -3.678620e+00 -6.451602e-03 8.659070e-03 9.999417e-01 1.648081e+02
9.991993e-01 3.926258e-02 7.698169e-03 -4.835116e-01 -3.918239e-02 9.991789e-01 -1.030397e-02 -3.709519e+00 -8.096409e-03 9.994092e-03 9.999173e-01 1.661746e+02
9.990174e-01 4.350849e-02 8.446634e-03 -4.803142e-01 -4.340001e-02 9.989780e-01 -1.262787e-02 -3.747331e+00 -8.987421e-03 1.224888e-02 9.998846e-01 1.675401e+02
9.988388e-01 4.728433e-02 9.228743e-03 -4.814581e-01 -4.716014e-02 9.987996e-01 -1.323975e-02 -3.797419e+00 -9.843698e-03 1.278915e-02 9.998698e-01 1.689400e+02
9.987058e-01 4.990896e-02 9.784610e-03 -4.852711e-01 -4.978879e-02 9.986857e-01 -1.216290e-02 -3.842869e+00 -1.037879e-02 1.165999e-02 9.998782e-01 1.703437e+02
9.985746e-01 5.249795e-02 9.625230e-03 -4.866162e-01 -5.237570e-02 9.985487e-01 -1.254070e-02 -3.889566e+00 -1.026962e-02 1.201870e-02 9.998750e-01 1.717461e+02
9.984462e-01 5.499401e-02 8.985942e-03 -4.865441e-01 -5.485627e-02 9.983828e-01 -1.491621e-02 -3.939044e+00 -9.791713e-03 1.440010e-02 9.998484e-01 1.731454e+02
9.982032e-01 5.931876e-02 8.463444e-03 -5.020921e-01 -5.916063e-02 9.980889e-01 -1.784901e-02 -3.980004e+00 -9.506051e-03 1.731624e-02 9.998049e-01 1.745392e+02
9.978561e-01 6.492206e-02 8.260803e-03 -5.202385e-01 -6.475310e-02 9.977147e-01 -1.929735e-02 -4.024150e+00 -9.494748e-03 1.872106e-02 9.997797e-01 1.759660e+02
9.974869e-01 7.031041e-02 8.735522e-03 -5.366215e-01 -7.014233e-02 9.973700e-01 -1.825149e-02 -4.077591e+00 -9.995818e-03 1.759289e-02 9.997953e-01 1.773964e+02
9.972064e-01 7.408630e-02 9.522801e-03 -5.497788e-01 -7.392237e-02 9.971267e-01 -1.654668e-02 -4.129013e+00 -1.072132e-02 1.579651e-02 9.998177e-01 1.788280e+02
9.970860e-01 7.566747e-02 9.687703e-03 -5.555897e-01 -7.552220e-02 9.970376e-01 -1.457340e-02 -4.171359e+00 -1.076174e-02 1.379930e-02 9.998469e-01 1.802864e+02
9.972881e-01 7.304081e-02 9.031357e-03 -5.550101e-01 -7.291317e-02 9.972437e-01 -1.373618e-02 -4.211403e+00 -1.000977e-02 1.304042e-02 9.998649e-01 1.817339e+02
9.974220e-01 7.139200e-02 7.245064e-03 -5.538984e-01 -7.128824e-02 9.973618e-01 -1.369179e-02 -4.244771e+00 -8.203434e-03 1.314000e-02 9.998800e-01 1.831921e+02
9.974213e-01 7.159822e-02 4.950889e-03 -5.602913e-01 -7.149978e-02 9.972815e-01 -1.781270e-02 -4.293401e+00 -6.212788e-03 1.741278e-02 9.998291e-01 1.846366e+02
9.972561e-01 7.396232e-02 3.122910e-03 -5.645674e-01 -7.387625e-02 9.970246e-01 -2.200412e-02 -4.345854e+00 -4.741094e-03 2.171304e-02 9.997530e-01 1.860584e+02
9.968606e-01 7.914065e-02 2.372471e-03 -5.798471e-01 -7.906634e-02 9.966084e-01 -2.280856e-02 -4.389210e+00 -4.169509e-03 2.254937e-02 9.997370e-01 1.875198e+02
9.965217e-01 8.330006e-02 2.366712e-03 -6.011663e-01 -8.322857e-02 9.962893e-01 -2.192141e-02 -4.444057e+00 -4.183985e-03 2.164818e-02 9.997569e-01 1.889781e+02
9.962853e-01 8.606101e-02 3.031018e-03 -6.173574e-01 -8.599030e-02 9.961221e-01 -1.861186e-02 -4.493044e+00 -4.621019e-03 1.828209e-02 9.998222e-01 1.904278e+02
9.962143e-01 8.686591e-02 3.367120e-03 -6.250228e-01 -8.679669e-02 9.960805e-01 -1.702868e-02 -4.521849e+00 -4.833134e-03 1.667196e-02 9.998493e-01 1.919039e+02
9.962060e-01 8.695114e-02 3.614861e-03 -6.394902e-01 -8.688067e-02 9.960828e-01 -1.645599e-02 -4.556421e+00 -5.031568e-03 1.607949e-02 9.998581e-01 1.933835e+02
9.962914e-01 8.596459e-02 3.668477e-03 -6.443874e-01 -8.589594e-02 9.961765e-01 -1.594760e-02 -4.604502e+00 -5.025380e-03 1.557335e-02 9.998661e-01 1.948701e+02
9.964405e-01 8.421226e-02 3.818390e-03 -6.471703e-01 -8.414372e-02 9.963329e-01 -1.551136e-02 -4.655200e+00 -5.110635e-03 1.513486e-02 9.998724e-01 1.963306e+02
9.966000e-01 8.229292e-02 4.031043e-03 -6.481451e-01 -8.222007e-02 9.964896e-01 -1.575778e-02 -4.698841e+00 -5.313646e-03 1.537277e-02 9.998677e-01 1.977785e+02
9.968003e-01 7.980527e-02 4.505230e-03 -6.474178e-01 -7.973002e-02 9.967044e-01 -1.495006e-02 -4.742127e+00 -5.683476e-03 1.454302e-02 9.998781e-01 1.992525e+02
9.970751e-01 7.626154e-02 5.034441e-03 -6.391628e-01 -7.618695e-02 9.970003e-01 -1.363905e-02 -4.786180e+00 -6.059474e-03 1.321560e-02 9.998943e-01 2.007227e+02
9.972298e-01 7.418818e-02 5.373398e-03 -6.366764e-01 -7.410670e-02 9.971515e-01 -1.404005e-02 -4.825910e+00 -6.399697e-03 1.360295e-02 9.998870e-01 2.021801e+02
9.970099e-01 7.709025e-02 5.318730e-03 -6.342766e-01 -7.697937e-02 9.968592e-01 -1.859930e-02 -4.869346e+00 -6.735850e-03 1.813425e-02 9.998129e-01 2.036363e+02
9.963794e-01 8.486465e-02 5.114515e-03 -6.367542e-01 -8.472038e-02 9.961203e-01 -2.380673e-02 -4.918021e+00 -7.115022e-03 2.328723e-02 9.997035e-01 2.050976e+02
9.955016e-01 9.453349e-02 6.319338e-03 -6.501071e-01 -9.435614e-02 9.952463e-01 -2.411857e-02 -4.968683e+00 -8.569310e-03 2.341381e-02 9.996891e-01 2.065697e+02
9.946564e-01 1.029444e-01 7.822173e-03 -6.639888e-01 -1.027638e-01 9.944890e-01 -2.076515e-02 -5.022437e+00 -9.916720e-03 1.985035e-02 9.997538e-01 2.080354e+02
9.944695e-01 1.046471e-01 8.914691e-03 -6.634515e-01 -1.044664e-01 9.943512e-01 -1.877230e-02 -5.073559e+00 -1.082880e-02 1.773719e-02 9.997840e-01 2.095284e+02
9.946120e-01 1.033101e-01 8.602081e-03 -6.601702e-01 -1.031388e-01 9.944964e-01 -1.842152e-02 -5.121875e+00 -1.045787e-02 1.743506e-02 9.997933e-01 2.109838e+02
9.948739e-01 1.008684e-01 7.181045e-03 -6.432467e-01 -1.007204e-01 9.947404e-01 -1.862771e-02 -5.169811e+00 -9.022223e-03 1.780895e-02 9.998007e-01 2.124578e+02
9.950621e-01 9.906749e-02 6.091693e-03 -6.343068e-01 -9.893558e-02 9.949108e-01 -1.908696e-02 -5.220688e+00 -7.951588e-03 1.839003e-02 9.997993e-01 2.139184e+02
9.950005e-01 9.972254e-02 5.426879e-03 -6.314982e-01 -9.959818e-02 9.948324e-01 -1.971295e-02 -5.269573e+00 -7.364660e-03 1.907389e-02 9.997910e-01 2.154016e+02
9.947902e-01 1.018011e-01 5.390031e-03 -6.372625e-01 -1.016774e-01 9.946227e-01 -1.968309e-02 -5.322939e+00 -7.364808e-03 1.903250e-02 9.997917e-01 2.168819e+02
9.945692e-01 1.039355e-01 5.433340e-03 -6.420162e-01 -1.038153e-01 9.944144e-01 -1.903756e-02 -5.374157e+00 -7.381669e-03 1.837011e-02 9.998040e-01 2.183643e+02
9.945873e-01 1.037831e-01 5.024334e-03 -6.418752e-01 -1.036659e-01 9.944174e-01 -1.968309e-02 -5.425263e+00 -7.039057e-03 1.905570e-02 9.997936e-01 2.198497e+02
9.945720e-01 1.039545e-01 4.469328e-03 -6.417625e-01 -1.038408e-01 9.943769e-01 -2.077599e-02 -5.475636e+00 -6.603955e-03 2.019912e-02 9.997742e-01 2.213451e+02
9.945707e-01 1.039750e-01 4.284294e-03 -6.506495e-01 -1.038624e-01 9.943659e-01 -2.119092e-02 -5.529926e+00 -6.463483e-03 2.063089e-02 9.997663e-01 2.228177e+02
9.944463e-01 1.051687e-01 4.012939e-03 -6.598289e-01 -1.050601e-01 9.942357e-01 -2.139292e-02 -5.588517e+00 -6.239674e-03 2.085251e-02 9.997631e-01 2.243278e+02
9.943091e-01 1.064656e-01 3.812709e-03 -6.619030e-01 -1.063593e-01 9.940918e-01 -2.166178e-02 -5.649654e+00 -6.096418e-03 2.113299e-02 9.997581e-01 2.258323e+02
9.942392e-01 1.071269e-01 3.490720e-03 -6.638999e-01 -1.070258e-01 9.940151e-01 -2.189579e-02 -5.708896e+00 -5.815455e-03 2.139605e-02 9.997542e-01 2.273364e+02
9.940495e-01 1.088856e-01 3.100349e-03 -6.699759e-01 -1.087898e-01 9.938128e-01 -2.237970e-02 -5.767192e+00 -5.517993e-03 2.190924e-02 9.997447e-01 2.288408e+02
9.940506e-01 1.088831e-01 2.810272e-03 -6.749531e-01 -1.087926e-01 9.938079e-01 -2.258336e-02 -5.823811e+00 -5.251816e-03 2.214327e-02 9.997410e-01 2.303440e+02
9.939031e-01 1.102241e-01 2.682054e-03 -6.858882e-01 -1.101354e-01 9.936564e-01 -2.274000e-02 -5.881875e+00 -5.171536e-03 2.230596e-02 9.997378e-01 2.318692e+02
9.939183e-01 1.100835e-01 2.840637e-03 -6.959690e-01 -1.099908e-01 9.936700e-01 -2.284494e-02 -5.939073e+00 -5.337508e-03 2.239356e-02 9.997350e-01 2.333661e+02
9.939734e-01 1.095834e-01 2.885216e-03 -6.989256e-01 -1.094875e-01 9.937162e-01 -2.325091e-02 -5.998328e+00 -5.415000e-03 2.279489e-02 9.997255e-01 2.348921e+02
9.939963e-01 1.093756e-01 2.897023e-03 -6.979285e-01 -1.092784e-01 9.937341e-01 -2.346677e-02 -6.051381e+00 -5.445564e-03 2.300930e-02 9.997204e-01 2.364255e+02
9.941279e-01 1.081629e-01 3.229884e-03 -7.039334e-01 -1.080629e-01 9.938853e-01 -2.267949e-02 -6.115506e+00 -5.663215e-03 2.219729e-02 9.997376e-01 2.379524e+02
9.940227e-01 1.091211e-01 3.370808e-03 -7.124464e-01 -1.090177e-01 9.937812e-01 -2.267313e-02 -6.173329e+00 -5.823964e-03 2.217013e-02 9.997372e-01 2.394925e+02
9.938923e-01 1.103006e-01 3.438395e-03 -7.203422e-01 -1.101927e-01 9.936408e-01 -2.314200e-02 -6.238774e+00 -5.969107e-03 2.262177e-02 9.997263e-01 2.410384e+02
9.937761e-01 1.113338e-01 3.708779e-03 -7.249994e-01 -1.112147e-01 9.935092e-01 -2.389203e-02 -6.301848e+00 -6.344696e-03 2.333086e-02 9.997077e-01 2.425605e+02
9.936134e-01 1.127544e-01 4.348085e-03 -7.373800e-01 -1.126227e-01 9.933598e-01 -2.350503e-02 -6.356880e+00 -6.969508e-03 2.286522e-02 9.997143e-01 2.441020e+02
9.934770e-01 1.139128e-01 5.231148e-03 -7.366073e-01 -1.137753e-01 9.932710e-01 -2.163213e-02 -6.421676e+00 -7.660124e-03 2.089585e-02 9.997523e-01 2.456439e+02
9.933888e-01 1.146415e-01 5.995985e-03 -7.409079e-01 -1.144913e-01 9.931974e-01 -2.123142e-02 -6.494570e+00 -8.389198e-03 2.040457e-02 9.997566e-01 2.471895e+02
9.932735e-01 1.156247e-01 6.219519e-03 -7.393282e-01 -1.154544e-01 9.930468e-01 -2.298538e-02 -6.560508e+00 -8.833951e-03 2.211270e-02 9.997165e-01 2.487359e+02
9.931547e-01 1.166187e-01 6.615149e-03 -7.426465e-01 -1.164253e-01 9.928973e-01 -2.449799e-02 -6.624845e+00 -9.425086e-03 2.356012e-02 9.996780e-01 2.502916e+02
9.929539e-01 1.182844e-01 7.167794e-03 -7.468048e-01 -1.180798e-01 9.927074e-01 -2.427183e-02 -6.688449e+00 -9.986501e-03 2.325443e-02 9.996797e-01 2.518294e+02
9.928907e-01 1.188175e-01 7.105988e-03 -7.422743e-01 -1.186204e-01 9.926579e-01 -2.365305e-02 -6.742765e+00 -9.864212e-03 2.264198e-02 9.996950e-01 2.533509e+02
9.927625e-01 1.198948e-01 6.923939e-03 -7.413215e-01 -1.197057e-01 9.925378e-01 -2.322384e-02 -6.809019e+00 -9.656688e-03 2.222692e-02 9.997063e-01 2.548971e+02
9.926372e-01 1.209457e-01 6.596706e-03 -7.386634e-01 -1.207626e-01 9.924073e-01 -2.332834e-02 -6.873007e+00 -9.368080e-03 2.235994e-02 9.997061e-01 2.564439e+02
9.923446e-01 1.233139e-01 6.771709e-03 -7.363225e-01 -1.231266e-01 9.921174e-01 -2.330189e-02 -6.936138e+00 -9.591776e-03 2.228973e-02 9.997055e-01 2.579940e+02
9.920905e-01 1.253351e-01 6.890972e-03 -7.343850e-01 -1.251423e-01 9.918591e-01 -2.355674e-02 -6.996338e+00 -9.787361e-03 2.250807e-02 9.996988e-01 2.595461e+02
9.919623e-01 1.263454e-01 6.903776e-03 -7.355659e-01 -1.261540e-01 9.917358e-01 -2.335211e-02 -7.065331e+00 -9.797152e-03 2.229347e-02 9.997035e-01 2.611097e+02
9.919993e-01 1.260442e-01 7.086570e-03 -7.354749e-01 -1.258493e-01 9.917756e-01 -2.330532e-02 -7.129957e+00 -9.965788e-03 2.222702e-02 9.997033e-01 2.626655e+02
9.921669e-01 1.247218e-01 7.017755e-03 -7.313454e-01 -1.245345e-01 9.919552e-01 -2.271626e-02 -7.191931e+00 -9.794510e-03 2.166437e-02 9.997173e-01 2.642211e+02
9.924551e-01 1.224014e-01 7.118732e-03 -7.276070e-01 -1.222205e-01 9.922615e-01 -2.189076e-02 -7.260148e+00 -9.743104e-03 2.085554e-02 9.997350e-01 2.658037e+02
9.925304e-01 1.218107e-01 6.742215e-03 -7.237555e-01 -1.216283e-01 9.923116e-01 -2.289647e-02 -7.319248e+00 -9.479413e-03 2.190539e-02 9.997151e-01 2.673625e+02
9.925605e-01 1.215911e-01 6.264797e-03 -7.183120e-01 -1.214094e-01 9.923128e-01 -2.398233e-02 -7.382344e+00 -9.132676e-03 2.304330e-02 9.996928e-01 2.689280e+02
9.927539e-01 1.199707e-01 6.828291e-03 -7.141215e-01 -1.197921e-01 9.925475e-01 -2.234441e-02 -7.441222e+00 -9.458078e-03 2.136452e-02 9.997270e-01 2.704765e+02
9.929569e-01 1.182416e-01 7.449525e-03 -7.174571e-01 -1.180664e-01 9.927897e-01 -2.071152e-02 -7.502595e+00 -9.844775e-03 1.968610e-02 9.997577e-01 2.720460e+02
9.930289e-01 1.176364e-01 7.440140e-03 -7.175377e-01 -1.174519e-01 9.928421e-01 -2.167004e-02 -7.561457e+00 -9.936069e-03 2.064512e-02 9.997375e-01 2.736021e+02
9.930394e-01 1.175306e-01 7.703105e-03 -7.104878e-01 -1.173300e-01 9.928333e-01 -2.270955e-02 -7.622771e+00 -1.031697e-02 2.164768e-02 9.997124e-01 2.751680e+02
9.928755e-01 1.188591e-01 8.410050e-03 -7.109048e-01 -1.186394e-01 9.926702e-01 -2.303364e-02 -7.689883e+00 -1.108616e-02 2.187178e-02 9.996993e-01 2.767192e+02
9.926114e-01 1.209689e-01 9.440165e-03 -7.145392e-01 -1.207247e-01 9.924155e-01 -2.317212e-02 -7.753508e+00 -1.217167e-02 2.186125e-02 9.996869e-01 2.782783e+02
9.923271e-01 1.231973e-01 1.045549e-02 -7.181417e-01 -1.229235e-01 9.921330e-01 -2.370447e-02 -7.817209e+00 -1.329356e-02 2.223736e-02 9.996643e-01 2.798184e+02
9.921053e-01 1.248821e-01 1.146656e-02 -7.177335e-01 -1.245795e-01 9.919163e-01 -2.412601e-02 -7.880889e+00 -1.438678e-02 2.250704e-02 9.996432e-01 2.813698e+02
9.919178e-01 1.262872e-01 1.227381e-02 -7.119297e-01 -1.259583e-01 9.917293e-01 -2.464654e-02 -7.942760e+00 -1.528484e-02 2.290135e-02 9.996209e-01 2.829098e+02
9.918315e-01 1.269011e-01 1.290281e-02 -7.112143e-01 -1.265440e-01 9.916332e-01 -2.550012e-02 -8.005002e+00 -1.603085e-02 2.365905e-02 9.995915e-01 2.844847e+02
9.918666e-01 1.265214e-01 1.389328e-02 -7.087170e-01 -1.261289e-01 9.916677e-01 -2.620535e-02 -8.073551e+00 -1.709305e-02 2.423987e-02 9.995600e-01 2.860557e+02
9.919187e-01 1.260142e-01 1.475466e-02 -6.931587e-01 -1.256043e-01 9.917391e-01 -2.602260e-02 -8.138272e+00 -1.791199e-02 2.395906e-02 9.995525e-01 2.876277e+02
9.920173e-01 1.251286e-01 1.563634e-02 -6.865615e-01 -1.247160e-01 9.918763e-01 -2.504808e-02 -8.207167e+00 -1.864355e-02 2.289803e-02 9.995640e-01 2.892009e+02
9.920812e-01 1.245717e-01 1.602430e-02 -6.741392e-01 -1.241535e-01 9.919511e-01 -2.487827e-02 -8.274019e+00 -1.899445e-02 2.269179e-02 9.995621e-01 2.907487e+02
9.920516e-01 1.248426e-01 1.574400e-02 -6.566431e-01 -1.243817e-01 9.918540e-01 -2.747582e-02 -8.342591e+00 -1.904590e-02 2.529917e-02 9.994985e-01 2.923232e+02
9.921861e-01 1.238151e-01 1.538173e-02 -6.521263e-01 -1.233229e-01 9.919239e-01 -2.963815e-02 -8.408010e+00 -1.892716e-02 2.750964e-02 9.994423e-01 2.939331e+02
9.921477e-01 1.242173e-01 1.459655e-02 -6.418865e-01 -1.237484e-01 9.918738e-01 -2.954232e-02 -8.479816e+00 -1.814761e-02 2.750404e-02 9.994569e-01 2.955035e+02
9.923004e-01 1.231013e-01 1.363580e-02 -6.260990e-01 -1.226598e-01 9.920100e-01 -2.950645e-02 -8.546596e+00 -1.715914e-02 2.760670e-02 9.994716e-01 2.970277e+02
9.922779e-01 1.233928e-01 1.259854e-02 -6.172018e-01 -1.229696e-01 9.919525e-01 -3.014593e-02 -8.615411e+00 -1.621694e-02 2.836390e-02 9.994661e-01 2.986103e+02
9.922291e-01 1.238344e-01 1.210489e-02 -6.210024e-01 -1.234195e-01 9.918859e-01 -3.049532e-02 -8.682722e+00 -1.578304e-02 2.876436e-02 9.994616e-01 3.002464e+02
9.921819e-01 1.242656e-01 1.153951e-02 -6.170570e-01 -1.238749e-01 9.918452e-01 -2.996849e-02 -8.759337e+00 -1.516946e-02 2.830473e-02 9.994842e-01 3.018352e+02
9.921721e-01 1.244237e-01 1.064606e-02 -6.148693e-01 -1.240603e-01 9.918264e-01 -2.982371e-02 -8.832865e+00 -1.426982e-02 2.826950e-02 9.994985e-01 3.034216e+02
9.921404e-01 1.247443e-01 9.817580e-03 -6.122738e-01 -1.244214e-01 9.918188e-01 -2.854345e-02 -8.904133e+00 -1.329789e-02 2.709759e-02 9.995443e-01 3.050257e+02
9.918440e-01 1.271012e-01 9.530174e-03 -6.168686e-01 -1.268024e-01 9.915541e-01 -2.723127e-02 -8.978285e+00 -1.291081e-02 2.580072e-02 9.995837e-01 3.066335e+02
9.916986e-01 1.281690e-01 1.032659e-02 -6.188060e-01 -1.278456e-01 9.914125e-01 -2.750848e-02 -9.039451e+00 -1.376364e-02 2.595991e-02 9.995682e-01 3.082480e+02
9.915269e-01 1.294165e-01 1.121895e-02 -6.189695e-01 -1.290616e-01 9.912397e-01 -2.805359e-02 -9.107611e+00 -1.475126e-02 2.636795e-02 9.995435e-01 3.098665e+02
9.916076e-01 1.287629e-01 1.159770e-02 -6.163520e-01 -1.283911e-01 9.913135e-01 -2.851769e-02 -9.174244e+00 -1.516898e-02 2.678932e-02 9.995260e-01 3.114872e+02
9.918071e-01 1.272072e-01 1.170587e-02 -6.126871e-01 -1.268159e-01 9.914834e-01 -2.963753e-02 -9.246636e+00 -1.537628e-02 2.791022e-02 9.994922e-01 3.131015e+02
9.918824e-01 1.266026e-01 1.187945e-02 -6.042320e-01 -1.261740e-01 9.915008e-01 -3.172335e-02 -9.321034e+00 -1.579474e-02 2.996695e-02 9.994261e-01 3.147206e+02
9.919105e-01 1.264181e-01 1.149233e-02 -5.979080e-01 -1.259840e-01 9.914888e-01 -3.283224e-02 -9.395737e+00 -1.554511e-02 3.111879e-02 9.993948e-01 3.163392e+02
9.917310e-01 1.279977e-01 9.279614e-03 -5.975291e-01 -1.276197e-01 9.912489e-01 -3.374711e-02 -9.475726e+00 -1.351796e-02 3.228380e-02 9.993873e-01 3.179579e+02
9.915813e-01 1.292884e-01 7.145039e-03 -5.952568e-01 -1.289867e-01 9.910950e-01 -3.306298e-02 -9.550687e+00 -1.135607e-02 3.186302e-02 9.994277e-01 3.195876e+02
9.913308e-01 1.312083e-01 6.902571e-03 -5.837867e-01 -1.309453e-01 9.909304e-01 -3.016911e-02 -9.616024e+00 -1.079841e-02 2.900371e-02 9.995210e-01 3.212352e+02
9.914193e-01 1.304863e-01 7.818139e-03 -5.801129e-01 -1.302285e-01 9.911044e-01 -2.743243e-02 -9.688729e+00 -1.132815e-02 2.617890e-02 9.995931e-01 3.228926e+02
9.913991e-01 1.306198e-01 8.141442e-03 -5.786533e-01 -1.303580e-01 9.910978e-01 -2.705323e-02 -9.755153e+00 -1.160265e-02 2.575924e-02 9.996008e-01 3.245276e+02
9.914402e-01 1.302753e-01 8.642879e-03 -5.877101e-01 -1.299833e-01 9.911072e-01 -2.847669e-02 -9.826470e+00 -1.227583e-02 2.710950e-02 9.995571e-01 3.261579e+02
9.914788e-01 1.299561e-01 9.014083e-03 -5.829412e-01 -1.296507e-01 9.911428e-01 -2.875249e-02 -9.905213e+00 -1.267081e-02 2.733880e-02 9.995459e-01 3.278410e+02
9.913474e-01 1.309177e-01 9.533119e-03 -5.757618e-01 -1.305969e-01 9.910168e-01 -2.881247e-02 -9.986315e+00 -1.321954e-02 2.731818e-02 9.995394e-01 3.295065e+02
9.912259e-01 1.317925e-01 1.009420e-02 -5.752893e-01 -1.314535e-01 9.908978e-01 -2.900859e-02 -1.006550e+01 -1.382544e-02 2.742715e-02 9.995282e-01 3.311560e+02
9.909269e-01 1.339995e-01 1.039620e-02 -5.737075e-01 -1.336314e-01 9.905643e-01 -3.041276e-02 -1.013569e+01 -1.437340e-02 2.874756e-02 9.994834e-01 3.328309e+02
9.907777e-01 1.350554e-01 1.093547e-02 -5.676257e-01 -1.346615e-01 9.904043e-01 -3.107594e-02 -1.021445e+01 -1.502751e-02 2.931676e-02 9.994572e-01 3.344530e+02
9.908290e-01 1.345736e-01 1.215618e-02 -5.713521e-01 -1.341688e-01 9.905179e-01 -2.954841e-02 -1.029726e+01 -1.601735e-02 2.764644e-02 9.994894e-01 3.361445e+02
9.908104e-01 1.346668e-01 1.263468e-02 -5.735733e-01 -1.342616e-01 9.905283e-01 -2.876478e-02 -1.038963e+01 -1.638867e-02 2.680409e-02 9.995064e-01 3.378194e+02
9.908770e-01 1.341783e-01 1.260975e-02 -5.793458e-01 -1.337532e-01 9.905596e-01 -3.002922e-02 -1.046896e+01 -1.651998e-02 2.806867e-02 9.994695e-01 3.395009e+02
9.905401e-01 1.366054e-01 1.300891e-02 -5.878353e-01 -1.361670e-01 9.902284e-01 -3.010269e-02 -1.055330e+01 -1.699399e-02 2.804654e-02 9.994622e-01 3.411535e+02
9.901952e-01 1.391078e-01 1.274657e-02 -5.960623e-01 -1.386383e-01 9.898155e-01 -3.232250e-02 -1.062862e+01 -1.711307e-02 3.023842e-02 9.993962e-01 3.428273e+02
9.898406e-01 1.416662e-01 1.209017e-02 -6.069883e-01 -1.411702e-01 9.893651e-01 -3.503752e-02 -1.073414e+01 -1.692522e-02 3.297479e-02 9.993129e-01 3.444996e+02
9.896035e-01 1.433654e-01 1.145528e-02 -6.012277e-01 -1.429006e-01 9.891405e-01 -3.435684e-02 -1.082676e+01 -1.625646e-02 3.236268e-02 9.993440e-01 3.461523e+02
9.895064e-01 1.440788e-01 1.088361e-02 -5.932318e-01 -1.436878e-01 9.891446e-01 -3.076887e-02 -1.090565e+01 -1.519861e-02 2.888216e-02 9.994673e-01 3.477481e+02
9.891093e-01 1.468200e-01 1.033013e-02 -5.822632e-01 -1.464851e-01 9.888184e-01 -2.793291e-02 -1.101004e+01 -1.431574e-02 2.611548e-02 9.995564e-01 3.493759e+02
9.888813e-01 1.484280e-01 9.109400e-03 -5.807194e-01 -1.481061e-01 9.885366e-01 -2.932689e-02 -1.107832e+01 -1.335790e-02 2.765165e-02 9.995284e-01 3.509999e+02
9.888416e-01 1.487925e-01 7.292927e-03 -5.776446e-01 -1.485047e-01 9.884346e-01 -3.071427e-02 -1.115679e+01 -1.177863e-02 2.928851e-02 9.995016e-01 3.526235e+02
9.889374e-01 1.482210e-01 5.769573e-03 -5.884810e-01 -1.479926e-01 9.885543e-01 -2.930048e-02 -1.123329e+01 -1.004648e-02 2.812249e-02 9.995540e-01 3.542935e+02
9.891235e-01 1.470083e-01 4.823804e-03 -5.897680e-01 -1.468117e-01 9.887454e-01 -2.879144e-02 -1.131079e+01 -9.002094e-03 2.777010e-02 9.995738e-01 3.559355e+02
9.890039e-01 1.478218e-01 4.480441e-03 -5.945204e-01 -1.476261e-01 9.885960e-01 -2.973854e-02 -1.139239e+01 -8.825352e-03 2.875011e-02 9.995477e-01 3.575754e+02
9.888788e-01 1.486509e-01 4.641751e-03 -6.172494e-01 -1.484382e-01 9.884340e-01 -3.105471e-02 -1.146657e+01 -9.204374e-03 3.002034e-02 9.995069e-01 3.592174e+02
9.887948e-01 1.492070e-01 4.708424e-03 -6.235443e-01 -1.489903e-01 9.883447e-01 -3.125095e-02 -1.155128e+01 -9.316407e-03 3.019927e-02 9.995005e-01 3.608606e+02
