1.000000e+00 -1.822835e-10 5.241111e-10 -5.551115e-17 -1.822835e-10 9.999999e-01 -5.072855e-10 -3.330669e-16 5.241111e-10 -5.072855e-10 9.999999e-01 2.220446e-16
9.999984e-01 9.872876e-04 1.516068e-03 -5.938517e-03 -9.798981e-04 9.999877e-01 -4.867184e-03 -1.052352e-03 -1.520854e-03 4.865690e-03 9.999870e-01 9.631196e-01
9.999972e-01 -1.150426e-03 2.060595e-03 -1.352595e-03 1.162243e-03 9.999828e-01 -5.742876e-03 -3.070066e-03 -2.053953e-03 5.745255e-03 9.999814e-01 1.929840e+00
9.999946e-01 -2.611734e-03 1.980059e-03 9.068394e-04 2.615684e-03 9.999946e-01 -1.994717e-03 -3.624626e-03 -1.974839e-03 1.999885e-03 9.999961e-01 2.888780e+00
9.999894e-01 -4.453494e-03 1.198203e-03 5.392416e-03 4.449055e-03 9.999833e-01 3.682462e-03 -4.134212e-03 -1.214583e-03 -3.677092e-03 9.999925e-01 3.850246e+00
9.999695e-01 -7.811629e-03 -1.410368e-04 5.158660e-03 7.812070e-03 9.999635e-01 3.457284e-03 -2.591343e-03 1.140246e-04 -3.458280e-03 9.999940e-01 4.798379e+00
9.999483e-01 -1.008533e-02 -1.283592e-03 4.416935e-03 1.008586e-02 9.999491e-01 4.030171e-04 -3.991586e-04 1.279462e-03 -4.159424e-04 9.999991e-01 5.744995e+00
9.999442e-01 -1.037313e-02 -2.022515e-03 -1.732685e-03 1.036646e-02 9.999409e-01 -3.281626e-03 -1.525873e-03 2.056436e-03 3.260477e-03 9.999926e-01 6.681966e+00
9.999464e-01 -9.910380e-03 -2.996371e-03 -8.444224e-03 9.897946e-03 9.999425e-01 -4.136532e-03 -1.503736e-03 3.037193e-03 4.106653e-03 9.999870e-01 7.616836e+00
9.999488e-01 -9.322794e-03 -3.933536e-03 -1.811693e-02 9.312755e-03 9.999534e-01 -2.562827e-03 -1.597061e-03 3.957245e-03 2.526063e-03 9.999890e-01 8.546985e+00
9.999481e-01 -9.125941e-03 -4.538605e-03 -3.154911e-02 9.126659e-03 9.999583e-01 1.375711e-04 -3.981170e-03 4.537160e-03 -1.789862e-04 9.999897e-01 9.482570e+00
9.999462e-01 -8.918140e-03 -5.294847e-03 -4.750610e-02 8.925254e-03 9.999593e-01 1.321561e-03 -3.064582e-03 5.282846e-03 -1.368748e-03 9.999851e-01 1.041919e+01
9.999278e-01 -1.042635e-02 -5.969674e-03 -5.474971e-02 1.043747e-02 9.999438e-01 1.834288e-03 -1.241931e-03 5.950214e-03 -1.896464e-03 9.999805e-01 1.134533e+01
9.999227e-01 -1.040427e-02 -6.806663e-03 -6.686438e-02 1.041457e-02 9.999447e-01 1.479765e-03 3.888025e-04 6.790890e-03 -1.550539e-03 9.999757e-01 1.226654e+01
9.999196e-01 -1.031079e-02 -7.387721e-03 -8.095683e-02 1.030965e-02 9.999468e-01 -1.921565e-04 -9.794503e-05 7.389310e-03 1.159763e-04 9.999727e-01 1.318349e+01
9.999041e-01 -1.067530e-02 -8.824652e-03 -9.328825e-02 1.065365e-02 9.999401e-01 -2.495914e-03 7.165597e-04 8.850768e-03 2.401659e-03 9.999579e-01 1.409789e+01
9.998755e-01 -1.189986e-02 -1.036321e-02 -1.068773e-01 1.185726e-02 9.999210e-01 -4.162334e-03 1.151150e-03 1.041192e-02 4.038936e-03 9.999376e-01 1.501060e+01
9.998644e-01 -1.133161e-02 -1.195177e-02 -1.241307e-01 1.127107e-02 9.999234e-01 -5.120343e-03 -9.228537e-04 1.200888e-02 4.984939e-03 9.999155e-01 1.591800e+01
9.998597e-01 -9.923947e-03 -1.349081e-02 -1.436806e-01 9.840665e-03 9.999322e-01 -6.225614e-03 -7.130397e-03 1.355168e-02 6.091982e-03 9.998896e-01 1.682676e+01
9.998535e-01 -8.251701e-03 -1.499413e-02 -1.675778e-01 8.154640e-03 9.999455e-01 -6.522955e-03 -1.189209e-02 1.504714e-02 6.399728e-03 9.998663e-01 1.773151e+01
9.998264e-01 -8.638669e-03 -1.650832e-02 -1.879203e-01 8.540687e-03 9.999455e-01 -5.996619e-03 -1.635694e-02 1.655922e-02 5.854585e-03 9.998457e-01 1.863434e+01
9.998080e-01 -8.088304e-03 -1.784673e-02 -2.100933e-01 8.000823e-03 9.999557e-01 -4.967782e-03 -2.181371e-02 1.788612e-02 4.824040e-03 9.998284e-01 1.952365e+01
9.997834e-01 -7.603276e-03 -1.937540e-02 -2.300160e-01 7.513530e-03 9.999607e-01 -4.700532e-03 -2.571835e-02 1.941038e-02 4.553936e-03 9.998012e-01 2.040949e+01
9.997451e-01 -8.889609e-03 -2.075155e-02 -2.552211e-01 8.785777e-03 9.999485e-01 -5.089426e-03 -3.063643e-02 2.079572e-02 4.905810e-03 9.997717e-01 2.129133e+01
9.997106e-01 -8.780108e-03 -2.239645e-02 -2.793555e-01 8.653001e-03 9.999459e-01 -5.765930e-03 -3.523450e-02 2.244587e-02 5.570465e-03 9.997325e-01 2.217000e+01
9.996872e-01 -8.524791e-03 -2.351206e-02 -3.047324e-01 8.394386e-03 9.999489e-01 -5.639434e-03 -4.070501e-02 2.355893e-02 5.440301e-03 9.997076e-01 2.304300e+01
9.996628e-01 -8.082503e-03 -2.467632e-02 -3.299165e-01 7.985519e-03 9.999600e-01 -4.026255e-03 -4.267044e-02 2.470788e-02 3.827844e-03 9.996874e-01 2.390547e+01
9.996361e-01 -8.873800e-03 -2.547569e-02 -3.535398e-01 8.840279e-03 9.999599e-01 -1.428150e-03 -4.723929e-02 2.548734e-02 1.202418e-03 9.996744e-01 2.476065e+01
9.996211e-01 -8.529069e-03 -2.617151e-02 -3.790093e-01 8.530280e-03 9.999636e-01 -6.538107e-05 -5.231047e-02 2.617112e-02 -1.578940e-04 9.996575e-01 2.560612e+01
9.996027e-01 -8.068567e-03 -2.700715e-02 -4.044422e-01 8.031086e-03 9.999666e-01 -1.496023e-03 -5.371125e-02 2.701832e-02 1.278532e-03 9.996341e-01 2.643923e+01
9.995895e-01 -6.526641e-03 -2.789746e-02 -4.333352e-01 6.406836e-03 9.999699e-01 -4.381711e-03 -5.648158e-02 2.792522e-02 4.201178e-03 9.996012e-01 2.725708e+01
9.995656e-01 -6.071589e-03 -2.883929e-02 -4.579773e-01 5.890455e-03 9.999624e-01 -6.361607e-03 -5.994324e-02 2.887684e-02 6.188967e-03 9.995638e-01 2.807111e+01
9.995392e-01 -5.421575e-03 -2.986594e-02 -4.856030e-01 5.212569e-03 9.999614e-01 -7.071568e-03 -6.269766e-02 2.990312e-02 6.912631e-03 9.995289e-01 2.886689e+01
9.994965e-01 -5.846678e-03 -3.118498e-02 -5.109413e-01 5.604094e-03 9.999534e-01 -7.860625e-03 -7.091040e-02 3.122949e-02 7.681904e-03 9.994827e-01 2.965521e+01
9.994260e-01 -5.825467e-03 -3.337195e-02 -5.385406e-01 5.530292e-03 9.999448e-01 -8.930498e-03 -7.916848e-02 3.342213e-02 8.740816e-03 9.994031e-01 3.043387e+01
9.993518e-01 -5.938457e-03 -3.550792e-02 -5.661961e-01 5.608413e-03 9.999402e-01 -9.387332e-03 -8.364683e-02 3.556154e-02 9.182104e-03 9.993253e-01 3.120395e+01
9.992688e-01 -5.971489e-03 -3.776451e-02 -5.941097e-01 5.650120e-03 9.999470e-01 -8.610841e-03 -8.774342e-02 3.781392e-02 8.391171e-03 9.992496e-01 3.197059e+01
9.991895e-01 -6.287171e-03 -3.975963e-02 -6.278063e-01 6.033129e-03 9.999606e-01 -6.506205e-03 -9.411253e-02 3.979897e-02 6.261056e-03 9.991881e-01 3.272577e+01
9.991076e-01 -5.059864e-03 -4.193265e-02 -6.603807e-01 4.845058e-03 9.999746e-01 -5.222698e-03 -1.010465e-01 4.195801e-02 5.014871e-03 9.991068e-01 3.347135e+01
9.990207e-01 -3.508299e-03 -4.410663e-02 -6.920707e-01 3.275387e-03 9.999803e-01 -5.351800e-03 -1.053610e-01 4.412454e-02 5.202093e-03 9.990125e-01 3.421103e+01
9.989369e-01 -8.625483e-04 -4.609042e-02 -7.314759e-01 5.674338e-04 9.999793e-01 -6.415648e-03 -1.097052e-01 4.609500e-02 6.382674e-03 9.989167e-01 3.492867e+01
9.988591e-01 4.555415e-04 -4.775156e-02 -7.757973e-01 -8.103244e-04 9.999722e-01 -7.410672e-03 -1.125547e-01 4.774685e-02 7.440912e-03 9.988318e-01 3.563604e+01
9.987770e-01 8.416769e-04 -4.943577e-02 -8.131411e-01 -1.171596e-03 9.999772e-01 -6.645100e-03 -1.146572e-01 4.942905e-02 6.694892e-03 9.987552e-01 3.635178e+01
9.987080e-01 2.147387e-03 -5.077144e-02 -8.490427e-01 -2.417765e-03 9.999832e-01 -5.264575e-03 -1.138038e-01 5.075928e-02 5.380526e-03 9.986964e-01 3.705117e+01
9.986870e-01 5.107308e-03 -5.097328e-02 -8.877001e-01 -5.366510e-03 9.999734e-01 -4.949489e-03 -1.192181e-01 5.094664e-02 5.216539e-03 9.986878e-01 3.774326e+01
9.987128e-01 7.989626e-03 -5.008845e-02 -9.261558e-01 -8.367897e-03 9.999380e-01 -7.346919e-03 -1.237191e-01 5.002665e-02 7.756597e-03 9.987178e-01 3.842219e+01
9.987737e-01 9.777313e-03 -4.853285e-02 -9.627164e-01 -1.031173e-02 9.998888e-01 -1.077335e-02 -1.275237e-01 4.842212e-02 1.126060e-02 9.987635e-01 3.908244e+01
9.988659e-01 1.046451e-02 -4.644897e-02 -9.941808e-01 -1.108073e-02 9.998537e-01 -1.302906e-02 -1.275117e-01 4.630584e-02 1.352897e-02 9.988357e-01 3.973512e+01
9.989828e-01 1.141103e-02 -4.362538e-02 -1.019700e+00 -1.198058e-02 9.998461e-01 -1.281642e-02 -1.258330e-01 4.347241e-02 1.332604e-02 9.989657e-01 4.039132e+01
9.990375e-01 1.602891e-02 -4.082992e-02 -1.044254e+00 -1.646645e-02 9.998103e-01 -1.040245e-02 -1.325086e-01 4.065544e-02 1.106477e-02 9.991120e-01 4.103684e+01
9.990963e-01 2.043928e-02 -3.726643e-02 -1.071889e+00 -2.071978e-02 9.997597e-01 -7.156244e-03 -1.397095e-01 3.711121e-02 7.921930e-03 9.992797e-01 4.167999e+01
9.991194e-01 2.563060e-02 -3.322018e-02 -1.094008e+00 -2.586181e-02 9.996441e-01 -6.549092e-03 -1.428541e-01 3.304050e-02 7.402459e-03 9.994266e-01 4.229856e+01
9.991656e-01 2.963087e-02 -2.810891e-02 -1.112114e+00 -2.982853e-02 9.995330e-01 -6.638711e-03 -1.443238e-01 2.789907e-02 7.471619e-03 9.995828e-01 4.289032e+01
9.991869e-01 3.357923e-02 -2.231746e-02 -1.132322e+00 -3.369842e-02 9.994196e-01 -4.986083e-03 -1.459030e-01 2.213708e-02 5.734092e-03 9.997385e-01 4.347747e+01
9.991289e-01 3.860551e-02 -1.584365e-02 -1.146585e+00 -3.867329e-02 9.992439e-01 -3.994026e-03 -1.526214e-01 1.567747e-02 4.603273e-03 9.998665e-01 4.403909e+01
9.990720e-01 4.211732e-02 -9.020195e-03 -1.151000e+00 -4.216029e-02 9.991001e-01 -4.627469e-03 -1.577572e-01 8.817182e-03 5.003468e-03 9.999486e-01 4.457581e+01
9.989504e-01 4.576077e-02 -2.036924e-03 -1.149444e+00 -4.577031e-02 9.989399e-01 -4.914766e-03 -1.623793e-01 1.809861e-03 5.002838e-03 9.999858e-01 4.509877e+01
9.987057e-01 5.056833e-02 5.449448e-03 -1.151485e+00 -5.053807e-02 9.987067e-01 -5.554940e-03 -1.663114e-01 -5.723305e-03 5.272345e-03 9.999697e-01 4.559375e+01
9.984021e-01 5.502035e-02 1.288215e-02 -1.148133e+00 -5.491163e-02 9.984538e-01 -8.646479e-03 -1.676983e-01 -1.333797e-02 7.925283e-03 9.998796e-01 4.606561e+01
9.981497e-01 5.718019e-02 2.068003e-02 -1.137335e+00 -5.694078e-02 9.983056e-01 -1.198668e-02 -1.710893e-01 -2.133039e-02 1.078696e-02 9.997143e-01 4.652136e+01
9.979111e-01 5.803189e-02 2.838474e-02 -1.119766e+00 -5.769525e-02 9.982555e-01 -1.253894e-02 -1.740257e-01 -2.906288e-02 1.087508e-02 9.995184e-01 4.695218e+01
9.976756e-01 5.768937e-02 3.626814e-02 -1.100282e+00 -5.731063e-02 9.982913e-01 -1.139774e-02 -1.793023e-01 -3.686370e-02 9.292696e-03 9.992771e-01 4.736878e+01
9.972428e-01 5.975778e-02 4.399832e-02 -1.074120e+00 -5.933119e-02 9.981784e-01 -1.093974e-02 -1.840000e-01 -4.457190e-02 8.299100e-03 9.989717e-01 4.775309e+01
9.966064e-01 6.323296e-02 5.270033e-02 -1.054047e+00 -6.273084e-02 9.979684e-01 -1.112982e-02 -1.861436e-01 -5.329703e-02 7.786116e-03 9.985483e-01 4.811142e+01
9.957701e-01 6.832537e-02 6.142947e-02 -1.035445e+00 -6.771411e-02 9.976328e-01 -1.198025e-02 -1.915782e-01 -6.210262e-02 7.769935e-03 9.980395e-01 4.845078e+01
9.949000e-01 7.223247e-02 7.040248e-02 -1.013946e+00 -7.154553e-02 9.973623e-01 -1.223399e-02 -1.954872e-01 -7.110047e-02 7.134617e-03 9.974436e-01 4.875784e+01
9.942328e-01 7.187179e-02 7.959614e-02 -9.814075e-01 -7.114234e-02 9.973944e-01 -1.196633e-02 -1.997188e-01 -8.024878e-02 6.234659e-03 9.967554e-01 4.904708e+01
9.933824e-01 7.114163e-02 9.016857e-02 -9.458750e-01 -7.015104e-02 9.974366e-01 -1.411201e-02 -2.057191e-01 -9.094138e-02 7.693202e-03 9.958265e-01 4.932356e+01
9.923102e-01 7.018674e-02 1.019519e-01 -9.093730e-01 -6.860407e-02 9.974639e-01 -1.895226e-02 -2.116123e-01 -1.030235e-01 1.181221e-02 9.946088e-01 4.959313e+01
9.907744e-01 7.150778e-02 1.151201e-01 -8.706124e-01 -6.927175e-02 9.973254e-01 -2.331340e-02 -2.174560e-01 -1.164793e-01 1.512375e-02 9.930780e-01 4.985975e+01
9.887136e-01 7.346672e-02 1.305679e-01 -8.289718e-01 -7.067232e-02 9.971629e-01 -2.591449e-02 -2.246700e-01 -1.321013e-01 1.639447e-02 9.911006e-01 5.012910e+01
9.862748e-01 7.537973e-02 1.469012e-01 -7.871417e-01 -7.206803e-02 9.970138e-01 -2.774483e-02 -2.298685e-01 -1.485539e-01 1.677715e-02 9.887620e-01 5.039741e+01
9.835156e-01 7.639262e-02 1.638942e-01 -7.368305e-01 -7.252324e-02 9.969312e-01 -2.947294e-02 -2.356230e-01 -1.656427e-01 1.710096e-02 9.860375e-01 5.065734e+01
9.803541e-01 7.597426e-02 1.820270e-01 -6.786124e-01 -7.148507e-02 9.969565e-01 -3.110718e-02 -2.416446e-01 -1.838363e-01 1.748384e-02 9.828014e-01 5.091726e+01
9.766082e-01 7.519472e-02 2.014504e-01 -6.139962e-01 -7.015903e-02 9.970214e-01 -3.203202e-02 -2.465998e-01 -2.032590e-01 1.714916e-02 9.789748e-01 5.117214e+01
9.721557e-01 7.572968e-02 2.217620e-01 -5.458714e-01 -6.994796e-02 9.969771e-01 -3.382211e-02 -2.532565e-01 -2.236530e-01 1.736856e-02 9.745141e-01 5.142584e+01
9.668966e-01 7.819267e-02 2.428925e-01 -4.716639e-01 -7.143450e-02 9.967764e-01 -3.652164e-02 -2.610160e-01 -2.449653e-01 1.796174e-02 9.693655e-01 5.167859e+01
9.607561e-01 7.988745e-02 2.656420e-01 -3.897742e-01 -7.202728e-02 9.966314e-01 -3.921702e-02 -2.671955e-01 -2.678801e-01 1.854453e-02 9.632738e-01 5.193290e+01
9.534977e-01 8.146245e-02 2.901828e-01 -2.996536e-01 -7.271332e-02 9.965170e-01 -4.082508e-02 -2.785217e-01 -2.924978e-01 1.782646e-02 9.561000e-01 5.219202e+01
9.449683e-01 8.472538e-02 3.160009e-01 -2.025878e-01 -7.520769e-02 9.962738e-01 -4.221759e-02 -2.905695e-01 -3.184004e-01 1.612858e-02 9.478191e-01 5.245051e+01
9.351045e-01 8.741008e-02 3.434227e-01 -9.579028e-02 -7.701168e-02 9.960663e-01 -4.383016e-02 -3.034345e-01 -3.459030e-01 1.453822e-02 9.381577e-01 5.270198e+01
9.240041e-01 8.852572e-02 3.719942e-01 2.601830e-02 -7.704173e-02 9.959821e-01 -4.565435e-02 -3.161484e-01 -3.745411e-01 1.352573e-02 9.271116e-01 5.294977e+01
9.113437e-01 8.703642e-02 4.023398e-01 1.552581e-01 -7.393229e-02 9.961065e-01 -4.801865e-02 -3.332750e-01 -4.049527e-01 1.401559e-02 9.142302e-01 5.319451e+01
8.965873e-01 8.501546e-02 4.346305e-01 3.008578e-01 -6.961688e-02 9.962559e-01 -5.126088e-02 -3.431625e-01 -4.373611e-01 1.570223e-02 8.991489e-01 5.342117e+01
8.792145e-01 8.478599e-02 4.688210e-01 4.481253e-01 -6.614486e-02 9.962305e-01 -5.612134e-02 -3.527804e-01 -4.718121e-01 1.833259e-02 8.815085e-01 5.365650e+01
8.597723e-01 8.715862e-02 5.031849e-01 6.166661e-01 -6.494315e-02 9.959887e-01 -6.155329e-02 -3.687015e-01 -5.065314e-01 2.024340e-02 8.619839e-01 5.388506e+01
8.380795e-01 8.936343e-02 5.381793e-01 7.975274e-01 -6.351631e-02 9.957671e-01 -6.643408e-02 -3.826259e-01 -5.418381e-01 2.149387e-02 8.402080e-01 5.410835e+01
8.136320e-01 9.270462e-02 5.739415e-01 9.983719e-01 -6.368419e-02 9.954760e-01 -7.051195e-02 -3.962440e-01 -5.778818e-01 2.081978e-02 8.158549e-01 5.433690e+01
7.864032e-01 9.696800e-02 6.100551e-01 1.216373e+00 -6.550963e-02 9.951244e-01 -7.372817e-02 -4.168379e-01 -6.142300e-01 1.801558e-02 7.889214e-01 5.456845e+01
7.565017e-01 1.014825e-01 6.460700e-01 1.453579e+00 -6.791478e-02 9.947365e-01 -7.672643e-02 -4.430754e-01 -6.504558e-01 1.416598e-02 7.594120e-01 5.480692e+01
7.237491e-01 1.029124e-01 6.823461e-01 1.726125e+00 -6.649525e-02 9.946162e-01 -7.947947e-02 -4.702874e-01 -6.868519e-01 1.215042e-02 7.266958e-01 5.504305e+01
6.872801e-01 1.008498e-01 7.193576e-01 2.019770e+00 -6.156642e-02 9.948393e-01 -8.064970e-02 -4.983167e-01 -7.237787e-01 1.114067e-02 6.899423e-01 5.527825e+01
6.483330e-01 9.970897e-02 7.547996e-01 2.343361e+00 -5.738720e-02 9.949670e-01 -8.214249e-02 -5.313733e-01 -7.591910e-01 9.939854e-03 6.507919e-01 5.550846e+01
6.059605e-01 9.956645e-02 7.892392e-01 2.693245e+00 -5.402709e-02 9.949964e-01 -8.404294e-02 -5.641772e-01 -7.936580e-01 8.286409e-03 6.083078e-01 5.574246e+01
5.597590e-01 9.954934e-02 8.226541e-01 3.056447e+00 -4.908010e-02 9.949978e-01 -8.700904e-02 -5.989983e-01 -8.272007e-01 8.328145e-03 5.618449e-01 5.596047e+01
5.114992e-01 9.886731e-02 8.535771e-01 3.462328e+00 -4.474826e-02 9.950757e-01 -8.844164e-02 -6.346065e-01 -8.581178e-01 7.041741e-03 5.134046e-01 5.617458e+01
4.627039e-01 9.758708e-02 8.811253e-01 3.886840e+00 -4.163580e-02 9.952181e-01 -8.835903e-02 -6.636516e-01 -8.855346e-01 4.197704e-03 4.645544e-01 5.636684e+01
4.127463e-01 9.586546e-02 9.057871e-01 4.346158e+00 -4.022389e-02 9.953942e-01 -8.702007e-02 -7.031636e-01 -9.099574e-01 -5.170724e-04 4.147014e-01 5.655351e+01
3.620633e-01 9.609500e-02 9.271871e-01 4.811262e+00 -4.150955e-02 9.953475e-01 -8.694991e-02 -7.303912e-01 -9.312288e-01 -7.005744e-03 3.643677e-01 5.672754e+01
3.127814e-01 9.684991e-02 9.448745e-01 5.288084e+00 -3.780742e-02 9.952690e-01 -8.949998e-02 -7.621289e-01 -9.490724e-01 -7.729342e-03 3.149632e-01 5.686457e+01
2.660452e-01 9.388267e-02 9.593779e-01 5.782479e+00 -2.492705e-02 9.955833e-01 -9.051312e-02 -8.005558e-01 -9.636382e-01 1.661171e-04 2.672104e-01 5.696550e+01
2.224892e-01 8.844950e-02 9.709146e-01 6.237014e+00 -1.104015e-02 9.960408e-01 -8.820857e-02 -8.396576e-01 -9.748726e-01 8.906411e-03 2.225848e-01 5.700081e+01
1.807533e-01 8.783792e-02 9.795983e-01 6.759119e+00 6.135428e-05 9.960030e-01 -8.932021e-02 -8.749857e-01 -9.835285e-01 1.620502e-02 1.800254e-01 5.706022e+01
1.422698e-01 8.980107e-02 9.857459e-01 7.288692e+00 3.735721e-03 9.958203e-01 -9.125800e-02 -9.166180e-01 -9.898209e-01 1.666573e-02 1.413397e-01 5.711681e+01
1.096325e-01 9.096053e-02 9.898014e-01 7.846781e+00 1.382676e-02 9.955680e-01 -9.302195e-02 -9.558615e-01 -9.938760e-01 2.388398e-02 1.078889e-01 5.716002e+01
8.078281e-02 8.967544e-02 9.926895e-01 8.415245e+00 2.143749e-02 9.955578e-01 -9.167909e-02 -1.005091e+00 -9.965012e-01 2.868686e-02 7.850154e-02 5.719125e+01
5.588387e-02 8.845497e-02 9.945113e-01 8.991218e+00 2.881757e-02 9.955100e-01 -9.016312e-02 -1.047678e+00 -9.980213e-01 3.369806e-02 5.308390e-02 5.720468e+01
3.601719e-02 8.799829e-02 9.954693e-01 9.590191e+00 3.359766e-02 9.954459e-01 -8.921182e-02 -1.087729e+00 -9.987862e-01 3.665860e-02 3.289663e-02 5.721674e+01
2.015413e-02 9.012135e-02 9.957268e-01 1.018476e+01 3.619207e-02 9.952106e-01 -9.080718e-02 -1.134952e+00 -9.991416e-01 3.786755e-02 1.679592e-02 5.722111e+01
6.657484e-03 9.009681e-02 9.959108e-01 1.079023e+01 3.724539e-02 9.952194e-01 -9.028325e-02 -1.186562e+00 -9.992840e-01 3.769414e-02 3.269966e-03 5.721941e+01
-5.099812e-03 9.119370e-02 9.958201e-01 1.140979e+01 3.793501e-02 9.951339e-01 -9.093658e-02 -1.242702e+00 -9.992672e-01 3.731269e-02 -8.534429e-03 5.721584e+01
-1.401878e-02 9.442940e-02 9.954329e-01 1.204723e+01 4.284045e-02 9.946733e-01 -9.375402e-02 -1.294771e+00 -9.989836e-01 4.133048e-02 -1.798950e-02 5.720407e+01
-2.039096e-02 9.680841e-02 9.950941e-01 1.268251e+01 4.696936e-02 9.942949e-01 -9.576818e-02 -1.344874e+00 -9.986882e-01 4.478613e-02 -2.482166e-02 5.717973e+01
-2.508237e-02 9.641975e-02 9.950247e-01 1.332923e+01 4.723639e-02 9.943404e-01 -9.516271e-02 -1.399700e+00 -9.985688e-01 4.461447e-02 -2.949493e-02 5.716007e+01
-2.868551e-02 9.394048e-02 9.951645e-01 1.399345e+01 4.477819e-02 9.946955e-01 -9.260548e-02 -1.457604e+00 -9.985850e-01 4.190523e-02 -3.273983e-02 5.713653e+01
-3.118725e-02 8.736511e-02 9.956880e-01 1.466805e+01 4.287868e-02 9.953725e-01 -8.599437e-02 -1.509720e+00 -9.985934e-01 4.001187e-02 -3.478904e-02 5.711634e+01
-3.237488e-02 8.205338e-02 9.961020e-01 1.535665e+01 4.398181e-02 9.957759e-01 -8.059705e-02 -1.559713e+00 -9.985076e-01 4.120105e-02 -3.584698e-02 5.709351e+01
-3.282171e-02 7.981686e-02 9.962690e-01 1.605061e+01 4.630592e-02 9.958571e-01 -7.825832e-02 -1.613433e+00 -9.983879e-01 4.356458e-02 -3.638173e-02 5.706673e+01
-3.247120e-02 8.237792e-02 9.960720e-01 1.674645e+01 4.919035e-02 9.955216e-01 -8.072882e-02 -1.668128e+00 -9.982615e-01 4.637577e-02 -3.637797e-02 5.703810e+01
-3.174789e-02 9.007780e-02 9.954286e-01 1.744460e+01 4.970900e-02 9.948405e-01 -8.843918e-02 -1.721340e+00 -9.982590e-01 4.667401e-02 -3.606176e-02 5.701508e+01
-2.969019e-02 9.831345e-02 9.947125e-01 1.815822e+01 4.986069e-02 9.940580e-01 -9.676052e-02 -1.776599e+00 -9.983148e-01 4.672421e-02 -3.441575e-02 5.699539e+01
-2.748570e-02 9.944978e-02 9.946629e-01 1.887707e+01 5.030376e-02 9.939157e-01 -9.798502e-02 -1.829605e+00 -9.983557e-01 4.734210e-02 -3.232117e-02 5.697546e+01
-2.541920e-02 9.533774e-02 9.951204e-01 1.960989e+01 4.920047e-02 9.943550e-01 -9.400765e-02 -1.892891e+00 -9.984654e-01 4.657079e-02 -2.996637e-02 5.695676e+01
-2.289121e-02 8.911521e-02 9.957582e-01 2.035275e+01 4.876857e-02 9.949330e-01 -8.792023e-02 -1.959927e+00 -9.985478e-01 4.654910e-02 -2.712124e-02 5.694150e+01
-2.021779e-02 8.774137e-02 9.959381e-01 2.109058e+01 4.641942e-02 9.951498e-01 -8.672960e-02 -2.025534e+00 -9.987174e-01 4.447739e-02 -2.419263e-02 5.693088e+01
-1.678030e-02 9.351579e-02 9.954764e-01 2.182441e+01 5.374929e-02 9.942613e-01 -9.249561e-02 -2.087513e+00 -9.984135e-01 5.195404e-02 -2.171041e-02 5.691095e+01
-1.329777e-02 9.944766e-02 9.949539e-01 2.255979e+01 5.531363e-02 9.935914e-01 -9.857220e-02 -2.150413e+00 -9.983805e-01 5.372372e-02 -1.871336e-02 5.689606e+01
-1.117363e-02 1.005003e-01 9.948743e-01 2.329491e+01 4.930230e-02 9.937817e-01 -9.983618e-02 -2.207864e+00 -9.987214e-01 4.793406e-02 -1.605904e-02 5.690155e+01
-8.143350e-03 9.742029e-02 9.952100e-01 2.403688e+01 4.475261e-02 9.942813e-01 -9.696319e-02 -2.272745e+00 -9.989649e-01 4.374864e-02 -1.245659e-02 5.690928e+01
-3.191940e-03 9.399394e-02 9.955677e-01 2.477679e+01 4.884836e-02 9.943989e-01 -9.372697e-02 -2.346655e+00 -9.988011e-01 4.833268e-02 -7.765511e-03 5.689869e+01
4.456668e-04 9.538537e-02 9.954403e-01 2.551557e+01 5.305206e-02 9.940363e-01 -9.527459e-02 -2.419079e+00 -9.985916e-01 5.285262e-02 -4.617382e-03 5.689099e+01
3.448323e-03 1.002443e-01 9.949569e-01 2.625725e+01 5.306083e-02 9.935428e-01 -1.002857e-01 -2.486323e+00 -9.985853e-01 5.313906e-02 -1.892988e-03 5.689323e+01
6.914801e-03 1.013327e-01 9.948286e-01 2.699143e+01 4.891882e-02 9.936269e-01 -1.015503e-01 -2.555398e+00 -9.987788e-01 4.936804e-02 1.913658e-03 5.690591e+01
1.055278e-02 1.011436e-01 9.948159e-01 2.775550e+01 4.802637e-02 9.936719e-01 -1.015368e-01 -2.631864e+00 -9.987903e-01 4.884889e-02 5.628440e-03 5.692003e+01
1.437014e-02 9.824775e-02 9.950582e-01 2.850288e+01 5.219990e-02 9.937302e-01 -9.887048e-02 -2.704931e+00 -9.985333e-01 5.336273e-02 9.151523e-03 5.692596e+01
1.816957e-02 9.913168e-02 9.949084e-01 2.924698e+01 5.676217e-02 9.933656e-01 -1.000146e-01 -2.776609e+00 -9.982224e-01 5.829039e-02 1.242209e-02 5.693261e+01
2.184026e-02 1.003322e-01 9.947143e-01 3.000036e+01 5.969051e-02 9.930458e-01 -1.014744e-01 -2.848598e+00 -9.979780e-01 6.159123e-02 1.569950e-02 5.694583e+01
2.469129e-02 1.006821e-01 9.946122e-01 3.075089e+01 6.009562e-02 9.929668e-01 -1.020074e-01 -2.914341e+00 -9.978872e-01 6.229053e-02 1.846707e-02 5.695782e+01
2.825879e-02 9.953229e-02 9.946330e-01 3.150962e+01 6.138220e-02 9.929798e-01 -1.011108e-01 -2.986191e+00 -9.977142e-01 6.391002e-02 2.195090e-02 5.697920e+01
3.207635e-02 9.886569e-02 9.945837e-01 3.226349e+01 6.326909e-02 9.928992e-01 -1.007387e-01 -3.061759e+00 -9.974809e-01 6.615774e-02 2.559344e-02 5.699775e+01
3.502299e-02 9.940221e-02 9.944308e-01 3.301798e+01 6.212599e-02 9.929002e-01 -1.014372e-01 -3.130635e+00 -9.974536e-01 6.533264e-02 2.859888e-02 5.702491e+01
3.782225e-02 1.013490e-01 9.941317e-01 3.376896e+01 5.937378e-02 9.928580e-01 -1.034781e-01 -3.206249e+00 -9.975190e-01 6.293913e-02 3.153465e-02 5.706418e+01
4.074165e-02 1.016429e-01 9.939863e-01 3.452614e+01 6.098573e-02 9.927046e-01 -1.040116e-01 -3.279007e+00 -9.973068e-01 6.485658e-02 3.424565e-02 5.709109e+01
4.323988e-02 1.016806e-01 9.938769e-01 3.529304e+01 5.820876e-02 9.928610e-01 -1.041091e-01 -3.356615e+00 -9.973676e-01 6.235401e-02 3.701249e-02 5.713201e+01
4.548980e-02 1.022855e-01 9.937144e-01 3.604757e+01 5.620901e-02 9.929062e-01 -1.047754e-01 -3.434971e+00 -9.973822e-01 6.062191e-02 3.941774e-02 5.717097e+01
4.815968e-02 1.026059e-01 9.935556e-01 3.680836e+01 5.325741e-02 9.930310e-01 -1.051333e-01 -3.512921e+00 -9.974188e-01 5.797738e-02 4.235953e-02 5.721469e+01
5.143650e-02 1.046224e-01 9.931810e-01 3.757342e+01 5.172069e-02 9.928838e-01 -1.072696e-01 -3.594256e+00 -9.973361e-01 5.688558e-02 4.565933e-02 5.725552e+01
5.471639e-02 1.084368e-01 9.925964e-01 3.832908e+01 5.044883e-02 9.925157e-01 -1.112089e-01 -3.672825e+00 -9.972267e-01 5.616028e-02 4.883637e-02 5.729855e+01
5.799623e-02 1.107844e-01 9.921508e-01 3.909257e+01 4.999251e-02 9.922545e-01 -1.137183e-01 -3.757836e+00 -9.970643e-01 5.619534e-02 5.200862e-02 5.734654e+01
6.073101e-02 1.133259e-01 9.917001e-01 3.986525e+01 4.392165e-02 9.922682e-01 -1.160805e-01 -3.838398e+00 -9.971874e-01 5.060679e-02 5.528399e-02 5.740209e+01
6.365450e-02 1.129679e-01 9.915575e-01 4.064039e+01 4.025470e-02 9.924733e-01 -1.156564e-01 -3.919412e+00 -9.971598e-01 4.727691e-02 5.862790e-02 5.745465e+01
6.745430e-02 1.137818e-01 9.912132e-01 4.141310e+01 4.242518e-02 9.922503e-01 -1.167880e-01 -4.007053e+00 -9.968200e-01 4.993025e-02 6.210434e-02 5.750711e+01
7.135829e-02 1.151042e-01 9.907871e-01 4.219605e+01 4.144643e-02 9.921192e-01 -1.182440e-01 -4.096692e+00 -9.965893e-01 4.950228e-02 6.602527e-02 5.756126e+01
7.487154e-02 1.163407e-01 9.903833e-01 4.297959e+01 3.720720e-02 9.921535e-01 -1.193614e-01 -4.183390e+00 -9.964988e-01 4.578617e-02 6.995534e-02 5.762666e+01
7.892107e-02 1.146000e-01 9.902718e-01 4.377648e+01 3.570024e-02 9.924082e-01 -1.176924e-01 -4.275287e+00 -9.962414e-01 4.464135e-02 7.423067e-02 5.769577e+01
8.384478e-02 1.148871e-01 9.898338e-01 4.457611e+01 3.597730e-02 9.923349e-01 -1.182249e-01 -4.367061e+00 -9.958291e-01 4.552408e-02 7.906877e-02 5.776499e+01
8.871443e-02 1.186878e-01 9.889605e-01 4.537048e+01 3.246886e-02 9.920031e-01 -1.219656e-01 -4.458856e+00 -9.955278e-01 4.293052e-02 8.415133e-02 5.784404e+01
9.464403e-02 1.275006e-01 9.873126e-01 4.616418e+01 3.058901e-02 9.909237e-01 -1.308992e-01 -4.552889e+00 -9.950411e-01 4.258974e-02 8.988489e-02 5.793059e+01
1.020134e-01 1.326450e-01 9.858999e-01 4.696194e+01 2.882929e-02 9.902598e-01 -1.362146e-01 -4.648289e+00 -9.943652e-01 4.231850e-02 9.719567e-02 5.801739e+01
1.090889e-01 1.359384e-01 9.846930e-01 4.776665e+01 2.411852e-02 9.899514e-01 -1.393363e-01 -4.750493e+00 -9.937394e-01 3.894938e-02 1.047141e-01 5.811627e+01
1.158362e-01 1.343448e-01 9.841410e-01 4.857776e+01 2.040509e-02 9.902798e-01 -1.375846e-01 -4.857185e+00 -9.930587e-01 3.601875e-02 1.119689e-01 5.822661e+01
1.233825e-01 1.329243e-01 9.834164e-01 4.938559e+01 1.984363e-02 9.904598e-01 -1.363660e-01 -4.963650e+00 -9.921608e-01 3.633973e-02 1.195677e-01 5.833268e+01
1.307537e-01 1.297699e-01 9.828852e-01 5.018853e+01 1.902686e-02 9.908854e-01 -1.333573e-01 -5.069347e+00 -9.912323e-01 3.613818e-02 1.270928e-01 5.844240e+01
1.381068e-01 1.246453e-01 9.825427e-01 5.100269e+01 1.669856e-02 9.916151e-01 -1.281434e-01 -5.171176e+00 -9.902766e-01 3.410452e-02 1.348673e-01 5.856517e+01
1.450952e-01 1.176004e-01 9.824039e-01 5.181282e+01 1.366624e-02 9.925783e-01 -1.208368e-01 -5.271149e+00 -9.893233e-01 3.095861e-02 1.424112e-01 5.869125e+01
1.527415e-01 1.151479e-01 9.815350e-01 5.262088e+01 1.304425e-02 9.928675e-01 -1.185072e-01 -5.373445e+00 -9.881801e-01 3.090436e-02 1.501501e-01 5.882161e+01
1.597170e-01 1.172413e-01 9.801760e-01 5.341649e+01 1.228924e-02 9.926092e-01 -1.207309e-01 -5.471556e+00 -9.870863e-01 3.132841e-02 1.570958e-01 5.895848e+01
1.655270e-01 1.242914e-01 9.783417e-01 5.420549e+01 1.260596e-02 9.916787e-01 -1.281186e-01 -5.563570e+00 -9.861247e-01 3.354002e-02 1.625828e-01 5.910072e+01
1.704463e-01 1.279508e-01 9.770244e-01 5.498658e+01 1.107363e-02 9.912222e-01 -1.317420e-01 -5.660681e+00 -9.853047e-01 3.327413e-02 1.675333e-01 5.924479e+01
1.752584e-01 1.312334e-01 9.757368e-01 5.576443e+01 9.600532e-03 9.908013e-01 -1.349839e-01 -5.761240e+00 -9.844757e-01 3.302467e-02 1.723864e-01 5.939462e+01
1.806382e-01 1.309393e-01 9.747947e-01 5.653809e+01 7.125096e-03 9.908985e-01 -1.344227e-01 -5.862661e+00 -9.835238e-01 3.122738e-02 1.780611e-01 5.954462e+01
1.861194e-01 1.282854e-01 9.741162e-01 5.730230e+01 1.074662e-02 9.911144e-01 -1.325773e-01 -5.963526e+00 -9.824684e-01 3.514366e-02 1.830869e-01 5.968819e+01
1.904785e-01 1.221432e-01 9.740631e-01 5.806397e+01 1.068691e-02 9.919127e-01 -1.264712e-01 -6.058683e+00 -9.816332e-01 3.449978e-02 1.876327e-01 5.984194e+01
1.935303e-01 1.162390e-01 9.741840e-01 5.881303e+01 8.314043e-03 9.927266e-01 -1.201031e-01 -6.156818e+00 -9.810591e-01 3.134300e-02 1.911562e-01 5.999641e+01
1.965092e-01 1.132835e-01 9.739358e-01 5.955418e+01 4.164506e-03 9.931979e-01 -1.163642e-01 -6.248953e+00 -9.804931e-01 2.692260e-02 1.947007e-01 6.015543e+01
1.994648e-01 1.136432e-01 9.732929e-01 6.028276e+01 2.078314e-03 9.932010e-01 -1.163936e-01 -6.337564e+00 -9.799028e-01 2.523923e-02 1.978724e-01 6.031416e+01
2.013803e-01 1.161401e-01 9.726034e-01 6.099949e+01 -3.031361e-04 9.929531e-01 -1.185073e-01 -6.423986e+00 -9.795131e-01 2.357020e-02 1.999964e-01 6.047140e+01
2.025955e-01 1.207410e-01 9.717905e-01 6.169526e+01 -4.858252e-03 9.924814e-01 -1.222989e-01 -6.511645e+00 -9.792505e-01 2.005600e-02 2.016588e-01 6.062440e+01
2.044877e-01 1.250691e-01 9.708463e-01 6.238500e+01 -6.374513e-03 9.919531e-01 -1.264455e-01 -6.600589e+00 -9.788484e-01 1.966788e-02 2.036395e-01 6.077669e+01
2.067228e-01 1.306816e-01 9.696329e-01 6.306725e+01 -7.066091e-03 9.912134e-01 -1.320836e-01 -6.688205e+00 -9.783740e-01 2.045318e-02 2.058299e-01 6.092540e+01
2.084532e-01 1.327949e-01 9.689751e-01 6.374244e+01 -6.293273e-03 9.909010e-01 -1.344459e-01 -6.779221e+00 -9.780121e-01 2.192765e-02 2.073922e-01 6.107124e+01
2.095917e-01 1.332179e-01 9.686714e-01 6.440964e+01 -9.178605e-03 9.908997e-01 -1.342889e-01 -6.866522e+00 -9.777459e-01 1.925479e-02 2.089071e-01 6.122278e+01
2.100997e-01 1.305095e-01 9.689300e-01 6.507795e+01 -9.648568e-03 9.912788e-01 -1.314276e-01 -6.960218e+00 -9.776323e-01 1.826412e-02 2.095267e-01 6.137348e+01
2.106576e-01 1.283390e-01 9.690988e-01 6.573052e+01 -1.009368e-02 9.915774e-01 -1.291217e-01 -7.051617e+00 -9.775078e-01 1.741870e-02 2.101788e-01 6.151887e+01
2.103944e-01 1.274400e-01 9.692746e-01 6.637726e+01 -9.668814e-03 9.916898e-01 -1.282884e-01 -7.139861e+00 -9.775688e-01 1.761942e-02 2.098782e-01 6.166239e+01
2.089755e-01 1.271485e-01 9.696198e-01 6.701527e+01 -1.005268e-02 9.917384e-01 -1.278824e-01 -7.222677e+00 -9.778692e-01 1.697701e-02 2.085272e-01 6.180574e+01
2.071004e-01 1.284296e-01 9.698532e-01 6.763516e+01 -1.162469e-02 9.915990e-01 -1.288269e-01 -7.305202e+00 -9.782506e-01 1.540586e-02 2.068535e-01 6.194423e+01
2.046439e-01 1.314986e-01 9.699634e-01 6.823831e+01 -1.294135e-02 9.912119e-01 -1.316489e-01 -7.392553e+00 -9.787509e-01 1.438851e-02 2.045473e-01 6.207589e+01
2.024071e-01 1.355894e-01 9.698695e-01 6.883867e+01 -1.116552e-02 9.906238e-01 -1.361607e-01 -7.475136e+00 -9.792378e-01 1.673081e-02 2.020233e-01 6.220359e+01
2.006884e-01 1.364083e-01 9.701118e-01 6.943267e+01 -9.174954e-03 9.904768e-01 -1.373738e-01 -7.556874e+00 -9.796122e-01 1.866858e-02 2.000287e-01 6.232471e+01
1.984011e-01 1.357444e-01 9.706753e-01 7.002611e+01 -1.001566e-02 9.905919e-01 -1.364825e-01 -7.633807e+00 -9.800697e-01 1.735632e-02 1.978941e-01 6.245065e+01
1.958931e-01 1.330017e-01 9.715639e-01 7.060692e+01 -1.020643e-02 9.909825e-01 -1.336021e-01 -7.714014e+00 -9.805721e-01 1.625553e-02 1.954841e-01 6.256892e+01
1.937724e-01 1.293089e-01 9.724873e-01 7.118459e+01 -9.885054e-03 9.914824e-01 -1.298650e-01 -7.797394e+00 -9.809967e-01 1.555116e-02 1.934002e-01 6.268620e+01
1.920238e-01 1.285403e-01 9.729359e-01 7.174729e+01 -6.516012e-03 9.915305e-01 -1.297109e-01 -7.878215e+00 -9.813686e-01 1.856791e-02 1.912350e-01 6.279298e+01
1.903288e-01 1.302413e-01 9.730427e-01 7.230131e+01 -3.006233e-03 9.912334e-01 -1.320881e-01 -7.951283e+00 -9.817158e-01 2.221498e-02 1.890518e-01 6.289642e+01
1.879146e-01 1.326267e-01 9.731897e-01 7.284511e+01 8.502300e-04 9.908189e-01 -1.351934e-01 -8.022910e+00 -9.821850e-01 2.623225e-02 1.860766e-01 6.299356e+01
1.862627e-01 1.346302e-01 9.732322e-01 7.338753e+01 4.690128e-04 9.905548e-01 -1.371163e-01 -8.096654e+00 -9.824999e-01 2.599610e-02 1.844402e-01 6.309516e+01
1.848812e-01 1.373294e-01 9.731185e-01 7.392499e+01 1.055530e-04 9.901857e-01 -1.397580e-01 -8.172286e+00 -9.827609e-01 2.594134e-02 1.830522e-01 6.319910e+01
1.837142e-01 1.357575e-01 9.735600e-01 7.446668e+01 1.944139e-03 9.903650e-01 -1.384678e-01 -8.253979e+00 -9.829778e-01 2.733122e-02 1.816802e-01 6.329813e+01
1.847724e-01 1.343889e-01 9.735496e-01 7.501748e+01 8.003811e-03 9.903679e-01 -1.382296e-01 -8.328300e+00 -9.827487e-01 3.333312e-02 1.819170e-01 6.339582e+01
1.873580e-01 1.329128e-01 9.732580e-01 7.557062e+01 1.250546e-02 9.904004e-01 -1.376612e-01 -8.400956e+00 -9.822121e-01 3.796298e-02 1.838973e-01 6.349233e+01
1.895413e-01 1.326224e-01 9.728748e-01 7.611971e+01 1.512951e-02 9.903238e-01 -1.379486e-01 -8.474267e+00 -9.817562e-01 4.086609e-02 1.857008e-01 6.359281e+01
1.927757e-01 1.325235e-01 9.722526e-01 7.667356e+01 1.225150e-02 9.904356e-01 -1.374311e-01 -8.554495e+00 -9.811664e-01 3.840492e-02 1.893083e-01 6.370753e+01
1.981253e-01 1.333186e-01 9.710677e-01 7.723110e+01 1.082222e-02 9.903489e-01 -1.381738e-01 -8.631657e+00 -9.801170e-01 3.788483e-02 1.947703e-01 6.382986e+01
2.048926e-01 1.325894e-01 9.697624e-01 7.779413e+01 1.133222e-02 9.903946e-01 -1.378046e-01 -8.706292e+00 -9.787188e-01 3.922470e-02 2.014220e-01 6.394355e+01
2.123588e-01 1.333036e-01 9.680568e-01 7.835595e+01 8.687881e-03 9.903551e-01 -1.382799e-01 -8.781078e+00 -9.771531e-01 3.777532e-02 2.091525e-01 6.407346e+01
2.205827e-01 1.316172e-01 9.664472e-01 7.892577e+01 8.495864e-03 9.905568e-01 -1.368398e-01 -8.855404e+00 -9.753313e-01 3.839529e-02 2.173815e-01 6.421277e+01
2.293180e-01 1.314789e-01 9.644307e-01 7.950143e+01 4.483364e-03 9.906817e-01 -1.361237e-01 -8.937274e+00 -9.733412e-01 3.553951e-02 2.265917e-01 6.436162e+01
2.388575e-01 1.315658e-01 9.621006e-01 8.008258e+01 2.404755e-03 9.906959e-01 -1.360732e-01 -9.016897e+00 -9.710516e-01 3.481573e-02 2.363188e-01 6.451523e+01
2.480411e-01 1.356955e-01 9.591988e-01 8.066419e+01 -3.596929e-03 9.902634e-01 -1.391600e-01 -9.095781e+00 -9.687428e-01 3.106724e-02 2.461141e-01 6.468206e+01
2.572794e-01 1.381697e-01 9.564081e-01 8.125900e+01 -7.414463e-03 9.899783e-01 -1.410250e-01 -9.173408e+00 -9.663086e-01 2.919156e-02 2.557254e-01 6.485805e+01
2.679354e-01 1.409441e-01 9.530715e-01 8.186571e+01 -1.122576e-02 9.896309e-01 -1.431947e-01 -9.247255e+00 -9.633715e-01 2.766799e-02 2.667394e-01 6.504741e+01
2.780887e-01 1.431141e-01 9.498342e-01 8.248094e+01 -1.370508e-02 9.893291e-01 -1.450524e-01 -9.336284e+00 -9.604576e-01 2.731988e-02 2.770826e-01 6.523719e+01
2.878373e-01 1.440387e-01 9.467854e-01 8.310298e+01 -1.754719e-02 9.892519e-01 -1.451647e-01 -9.426118e+00 -9.575186e-01 2.517040e-02 2.872711e-01 6.543757e+01
2.979611e-01 1.446754e-01 9.435509e-01 8.373341e+01 -1.926892e-02 9.891583e-01 -1.455836e-01 -9.516919e+00 -9.543835e-01 2.519703e-02 2.975184e-01 6.565279e+01
3.079235e-01 1.458490e-01 9.401655e-01 8.437673e+01 -2.406224e-02 9.890578e-01 -1.455529e-01 -9.604618e+00 -9.511068e-01 2.219668e-02 3.080636e-01 6.587880e+01
3.187472e-01 1.411903e-01 9.372649e-01 8.503580e+01 -2.430308e-02 9.897355e-01 -1.408295e-01 -9.695414e+00 -9.475281e-01 2.211058e-02 3.189068e-01 6.610791e+01
3.295897e-01 1.348981e-01 9.344373e-01 8.569662e+01 -2.230608e-02 9.905761e-01 -1.351348e-01 -9.789350e+00 -9.438607e-01 2.369539e-02 3.294927e-01 6.634363e+01
3.406300e-01 1.307321e-01 9.310641e-01 8.636837e+01 -2.111351e-02 9.910996e-01 -1.314374e-01 -9.880793e+00 -9.399603e-01 2.511348e-02 3.403585e-01 6.659712e+01
3.508916e-01 1.276021e-01 9.276814e-01 8.704936e+01 -2.192890e-02 9.915203e-01 -1.280886e-01 -9.967964e+00 -9.361593e-01 2.460219e-02 3.507143e-01 6.686830e+01
3.607076e-01 1.254128e-01 9.242087e-01 8.773854e+01 -1.656690e-02 9.916235e-01 -1.280950e-01 -1.005772e+01 -9.325318e-01 3.089356e-02 3.597639e-01 6.713924e+01
3.697575e-01 1.203298e-01 9.213035e-01 8.844139e+01 -1.068550e-02 9.920635e-01 -1.252831e-01 -1.014270e+01 -9.290668e-01 3.647976e-02 3.681087e-01 6.741660e+01
3.771712e-01 1.114033e-01 9.194190e-01 8.915513e+01 -1.908306e-03 9.928305e-01 -1.195156e-01 -1.022794e+01 -9.261416e-01 4.332329e-02 3.746796e-01 6.770268e+01
3.844793e-01 1.074906e-01 9.168541e-01 8.986795e+01 2.625823e-03 9.930663e-01 -1.175267e-01 -1.031872e+01 -9.231299e-01 4.759407e-02 3.815311e-01 6.799646e+01
3.918480e-01 1.079394e-01 9.136762e-01 9.057241e+01 3.972576e-03 9.928862e-01 -1.190008e-01 -1.040946e+01 -9.200214e-01 5.025986e-02 3.886317e-01 6.829639e+01
3.991581e-01 1.147314e-01 9.096755e-01 9.131056e+01 4.790510e-03 9.918656e-01 -1.271996e-01 -1.051518e+01 -9.168696e-01 5.513055e-02 3.953616e-01 6.864053e+01
4.065352e-01 1.193667e-01 9.058039e-01 9.202597e+01 7.875918e-03 9.909338e-01 -1.341199e-01 -1.060473e+01 -9.136012e-01 6.165851e-02 4.019093e-01 6.896190e+01
4.117491e-01 1.217089e-01 9.031332e-01 9.273298e+01 5.610394e-03 9.906840e-01 -1.360654e-01 -1.070542e+01 -9.112800e-01 6.109173e-02 4.072304e-01 6.929062e+01
4.156560e-01 1.235714e-01 9.010884e-01 9.342960e+01 -1.938824e-03 9.908456e-01 -1.349859e-01 -1.081292e+01 -9.095199e-01 5.436066e-02 4.120905e-01 6.963147e+01
4.189981e-01 1.274814e-01 8.989934e-01 9.412081e+01 -9.059944e-03 9.906325e-01 -1.362537e-01 -1.092150e+01 -9.079419e-01 4.894521e-02 4.162281e-01 6.997641e+01
4.226844e-01 1.309335e-01 8.967688e-01 9.481263e+01 -1.047842e-02 9.901485e-01 -1.396286e-01 -1.102977e+01 -9.062164e-01 4.962211e-02 4.198923e-01 7.032377e+01
4.263517e-01 1.355013e-01 8.943509e-01 9.548645e+01 -1.460827e-02 9.896190e-01 -1.429712e-01 -1.113917e+01 -9.044395e-01 4.789108e-02 4.239052e-01 7.065745e+01
4.293899e-01 1.389622e-01 8.923642e-01 9.615490e+01 -1.853558e-02 9.892391e-01 -1.451290e-01 -1.124824e+01 -9.029290e-01 4.577642e-02 4.273450e-01 7.099819e+01
4.330621e-01 1.379391e-01 8.907469e-01 9.681671e+01 -2.045981e-02 9.894707e-01 -1.432801e-01 -1.135330e+01 -9.011319e-01 4.382466e-02 4.313244e-01 7.133549e+01
4.371943e-01 1.349469e-01 8.891853e-01 9.746883e+01 -1.959001e-02 9.898733e-01 -1.405958e-01 -1.145588e+01 -8.991537e-01 4.404852e-02 4.354105e-01 7.166237e+01
4.406639e-01 1.325027e-01 8.878392e-01 9.810921e+01 -2.040957e-02 9.902693e-01 -1.376596e-01 -1.155962e+01 -8.974401e-01 4.254122e-02 4.390802e-01 7.198360e+01
4.440638e-01 1.319463e-01 8.862266e-01 9.873549e+01 -2.204007e-02 9.904068e-01 -1.364136e-01 -1.166053e+01 -8.957240e-01 4.104383e-02 4.427119e-01 7.230793e+01
4.470453e-01 1.342300e-01 8.843827e-01 9.935243e+01 -2.490555e-02 9.901614e-01 -1.376954e-01 -1.175810e+01 -8.941645e-01 3.953007e-02 4.459901e-01 7.263372e+01
4.497498e-01 1.351458e-01 8.828707e-01 9.995987e+01 -2.456209e-02 9.899835e-01 -1.390298e-01 -1.185293e+01 -8.928168e-01 4.084346e-02 4.485644e-01 7.295283e+01
4.519658e-01 1.337501e-01 8.819512e-01 1.005639e+02 -2.307284e-02 9.901174e-01 -1.383298e-01 -1.194510e+01 -8.917368e-01 4.217124e-02 4.505852e-01 7.326566e+01
4.538260e-01 1.329074e-01 8.811229e-01 1.011574e+02 -2.120638e-02 9.901452e-01 -1.384297e-01 -1.203513e+01 -8.908379e-01 4.413758e-02 4.521722e-01 7.357346e+01
4.555731e-01 1.331292e-01 8.801873e-01 1.017418e+02 -2.287508e-02 9.901784e-01 -1.379256e-01 -1.212984e+01 -8.899044e-01 4.270083e-02 4.541440e-01 7.388582e+01
4.577147e-01 1.327586e-01 8.791316e-01 1.023140e+02 -2.164329e-02 9.901599e-01 -1.382567e-01 -1.221808e+01 -8.888356e-01 4.425483e-02 4.560841e-01 7.418570e+01
4.603428e-01 1.346572e-01 8.774690e-01 1.028782e+02 -2.221054e-02 9.898665e-01 -1.402536e-01 -1.230362e+01 -8.874633e-01 4.507569e-02 4.586687e-01 7.448711e+01
4.633850e-01 1.350117e-01 8.758117e-01 1.034411e+02 -1.973754e-02 9.896529e-01 -1.421181e-01 -1.239426e+01 -8.859372e-01 4.856901e-02 4.612551e-01 7.478947e+01
4.666247e-01 1.347126e-01 8.741361e-01 1.039891e+02 -1.829306e-02 9.895911e-01 -1.427403e-01 -1.248050e+01 -8.842662e-01 5.061553e-02 4.642320e-01 7.507939e+01
4.699389e-01 1.334084e-01 8.725593e-01 1.045298e+02 -1.568774e-02 9.896190e-01 -1.428570e-01 -1.256598e+01 -8.825596e-01 5.344557e-02 4.671533e-01 7.537286e+01
4.733780e-01 1.327194e-01 8.708035e-01 1.050611e+02 -1.421254e-02 9.896062e-01 -1.431001e-01 -1.264732e+01 -8.807447e-01 5.536411e-02 4.703441e-01 7.566691e+01
