1.000000e+00 9.043683e-12 2.326809e-11 1.110223e-16 9.043683e-12 1.000000e+00 2.392370e-10 3.330669e-16 2.326810e-11 2.392370e-10 9.999999e-01 -2.220446e-16
9.999970e-01 -2.098852e-03 -1.244523e-03 -6.934507e-03 2.102485e-03 9.999935e-01 2.925283e-03 -2.749736e-02 1.238375e-03 -2.927891e-03 9.999949e-01 1.535267e+00
9.999939e-01 -2.129084e-03 -2.772378e-03 -2.074407e-02 2.139299e-03 9.999909e-01 3.686879e-03 -5.119622e-02 2.764503e-03 -3.692787e-03 9.999894e-01 3.042234e+00
9.999905e-01 -7.919038e-04 -4.291048e-03 -2.932907e-02 8.062463e-04 9.999941e-01 3.341724e-03 -6.901672e-02 4.288376e-03 -3.345152e-03 9.999852e-01 4.563073e+00
9.999823e-01 2.972417e-04 -5.940515e-03 -2.830571e-02 -2.784263e-04 9.999949e-01 3.167881e-03 -8.930376e-02 5.941427e-03 -3.166171e-03 9.999773e-01 6.043679e+00
9.999721e-01 2.288195e-05 -7.465163e-03 -3.415388e-02 3.077203e-06 9.999940e-01 3.477342e-03 -1.214819e-01 7.465198e-03 -3.477268e-03 9.999661e-01 7.544066e+00
9.999587e-01 -1.796997e-04 -9.087917e-03 -6.172287e-02 2.150964e-04 9.999924e-01 3.894085e-03 -1.481034e-01 9.087148e-03 -3.895879e-03 9.999511e-01 9.061144e+00
9.999406e-01 -1.337469e-03 -1.081266e-02 -8.010123e-02 1.370782e-03 9.999943e-01 3.074044e-03 -1.694998e-01 1.080849e-02 -3.088684e-03 9.999368e-01 1.057472e+01
9.999224e-01 -2.270298e-03 -1.225267e-02 -1.076315e-01 2.310910e-03 9.999919e-01 3.301373e-03 -1.868922e-01 1.224508e-02 -3.329431e-03 9.999195e-01 1.206307e+01
9.999073e-01 -1.861988e-03 -1.348630e-02 -1.433350e-01 1.906060e-03 9.999929e-01 3.255806e-03 -2.096994e-01 1.348014e-02 -3.281210e-03 9.999038e-01 1.357438e+01
9.998919e-01 -8.196028e-04 -1.468004e-02 -1.655218e-01 8.655990e-04 9.999947e-01 3.127172e-03 -2.230424e-01 1.467740e-02 -3.139541e-03 9.998874e-01 1.505273e+01
9.998797e-01 7.780580e-04 -1.549285e-02 -1.941260e-01 -7.179170e-04 9.999922e-01 3.887034e-03 -2.429107e-01 1.549575e-02 -3.875444e-03 9.998724e-01 1.655587e+01
9.998662e-01 2.882722e-03 -1.610451e-02 -2.290715e-01 -2.809635e-03 9.999857e-01 4.559074e-03 -2.584600e-01 1.611742e-02 -4.513216e-03 9.998599e-01 1.802673e+01
9.998507e-01 3.718549e-03 -1.687593e-02 -2.646144e-01 -3.628863e-03 9.999791e-01 5.341960e-03 -2.696010e-01 1.689544e-02 -5.279922e-03 9.998433e-01 1.949572e+01
9.998402e-01 3.953504e-03 -1.743641e-02 -3.027605e-01 -3.863598e-03 9.999791e-01 5.186872e-03 -2.802449e-01 1.745655e-02 -5.118676e-03 9.998345e-01 2.096812e+01
9.998206e-01 5.155609e-03 -1.822717e-02 -3.332026e-01 -5.058776e-03 9.999729e-01 5.354670e-03 -3.036643e-01 1.825428e-02 -5.261502e-03 9.998195e-01 2.242193e+01
9.998171e-01 5.443338e-03 -1.833331e-02 -3.771183e-01 -5.333491e-03 9.999676e-01 6.035248e-03 -3.144216e-01 1.836557e-02 -5.936363e-03 9.998137e-01 2.387130e+01
9.998117e-01 6.590672e-03 -1.825285e-02 -4.148906e-01 -6.459266e-03 9.999529e-01 7.248794e-03 -3.226987e-01 1.829977e-02 -7.129529e-03 9.998071e-01 2.532850e+01
9.998079e-01 7.323532e-03 -1.818286e-02 -4.501656e-01 -7.218049e-03 9.999568e-01 5.860080e-03 -3.363027e-01 1.822499e-02 -5.727709e-03 9.998175e-01 2.678808e+01
9.998014e-01 7.958968e-03 -1.827035e-02 -4.812564e-01 -7.889407e-03 9.999614e-01 3.876280e-03 -3.546389e-01 1.830049e-02 -3.731368e-03 9.998256e-01 2.821037e+01
9.998190e-01 6.495423e-03 -1.787967e-02 -5.125137e-01 -6.433673e-03 9.999731e-01 3.508990e-03 -3.686563e-01 1.790199e-02 -3.393323e-03 9.998340e-01 2.965061e+01
9.998275e-01 5.858314e-03 -1.762666e-02 -5.459308e-01 -5.751724e-03 9.999649e-01 6.091709e-03 -3.861414e-01 1.766173e-02 -5.989274e-03 9.998261e-01 3.107204e+01
9.998366e-01 4.760901e-03 -1.744125e-02 -5.802410e-01 -4.636209e-03 9.999635e-01 7.182732e-03 -4.012552e-01 1.747481e-02 -7.100697e-03 9.998221e-01 3.247901e+01
9.998413e-01 4.252285e-03 -1.730124e-02 -6.083441e-01 -4.138843e-03 9.999697e-01 6.587385e-03 -4.150731e-01 1.732873e-02 -6.514733e-03 9.998286e-01 3.388492e+01
9.998494e-01 4.105045e-03 -1.685987e-02 -6.477678e-01 -4.020661e-03 9.999792e-01 5.035854e-03 -4.377800e-01 1.688019e-02 -4.967308e-03 9.998452e-01 3.525414e+01
9.998468e-01 5.981016e-03 -1.645165e-02 -6.779704e-01 -5.911364e-03 9.999734e-01 4.279142e-03 -4.611099e-01 1.647681e-02 -4.181234e-03 9.998555e-01 3.660901e+01
9.998545e-01 6.960547e-03 -1.557582e-02 -7.118805e-01 -6.909575e-03 9.999706e-01 3.323923e-03 -4.830578e-01 1.559849e-02 -3.215817e-03 9.998732e-01 3.799576e+01
9.998707e-01 7.851265e-03 -1.403711e-02 -7.455495e-01 -7.792011e-03 9.999605e-01 4.270970e-03 -5.042932e-01 1.407008e-02 -4.161041e-03 9.998924e-01 3.936720e+01
9.998847e-01 8.561732e-03 -1.254017e-02 -7.665076e-01 -8.484862e-03 9.999450e-01 6.170301e-03 -5.268955e-01 1.259231e-02 -6.063188e-03 9.999023e-01 4.065695e+01
9.998991e-01 9.121120e-03 -1.089435e-02 -7.837823e-01 -9.045404e-03 9.999347e-01 6.979126e-03 -5.328133e-01 1.095730e-02 -6.879878e-03 9.999163e-01 4.197459e+01
9.999132e-01 1.002644e-02 -8.553324e-03 -8.042164e-01 -9.962565e-03 9.999224e-01 7.478439e-03 -5.374428e-01 8.627643e-03 -7.392577e-03 9.999355e-01 4.334927e+01
9.999368e-01 1.007068e-02 -4.994821e-03 -8.463352e-01 -1.003673e-02 9.999267e-01 6.775597e-03 -5.526886e-01 5.062690e-03 -6.725037e-03 9.999646e-01 4.455985e+01
9.999501e-01 9.916132e-03 -1.218189e-03 -8.680948e-01 -9.910369e-03 9.999401e-01 4.648809e-03 -5.593231e-01 1.264214e-03 -4.636504e-03 9.999885e-01 4.581525e+01
9.999492e-01 9.835289e-03 2.201567e-03 -8.801191e-01 -9.841675e-03 9.999473e-01 2.908918e-03 -5.822805e-01 -2.172841e-03 -2.930438e-03 9.999933e-01 4.706375e+01
9.999226e-01 1.058327e-02 6.545125e-03 -9.012114e-01 -1.060517e-02 9.999382e-01 3.321071e-03 -5.975572e-01 -6.509573e-03 -3.390226e-03 9.999731e-01 4.827862e+01
9.998639e-01 1.142320e-02 1.189996e-02 -9.033752e-01 -1.145814e-02 9.999302e-01 2.871446e-03 -6.027253e-01 -1.186632e-02 -3.007407e-03 9.999251e-01 4.949941e+01
9.997411e-01 1.331369e-02 1.845242e-02 -9.046498e-01 -1.335116e-02 9.999090e-01 1.909065e-03 -6.303633e-01 -1.842533e-02 -2.154932e-03 9.998279e-01 5.067159e+01
9.995421e-01 1.490564e-02 2.633311e-02 -9.270227e-01 -1.496076e-02 9.998863e-01 1.897653e-03 -6.521870e-01 -2.630183e-02 -2.290747e-03 9.996514e-01 5.188556e+01
9.992468e-01 1.654915e-02 3.509999e-02 -9.128025e-01 -1.665006e-02 9.998580e-01 2.584561e-03 -6.670531e-01 -3.505224e-02 -3.167031e-03 9.993805e-01 5.308797e+01
9.987852e-01 1.903009e-02 4.545306e-02 -8.776791e-01 -1.919194e-02 9.998109e-01 3.127001e-03 -6.989215e-01 -4.538496e-02 -3.995534e-03 9.989616e-01 5.430080e+01
9.980378e-01 2.252758e-02 5.842223e-02 -8.217086e-01 -2.272597e-02 9.997380e-01 2.733472e-03 -7.094551e-01 -5.834535e-02 -4.055810e-03 9.982882e-01 5.548713e+01
9.970094e-01 2.512918e-02 7.308028e-02 -7.500181e-01 -2.541113e-02 9.996728e-01 2.930625e-03 -7.278393e-01 -7.298272e-02 -4.778913e-03 9.973218e-01 5.663844e+01
9.956121e-01 2.748782e-02 8.944832e-02 -6.672834e-01 -2.797929e-02 9.995995e-01 4.245025e-03 -7.676066e-01 -8.929581e-02 -6.729099e-03 9.959824e-01 5.781499e+01
9.938383e-01 2.805200e-02 1.072307e-01 -5.530875e-01 -2.873127e-02 9.995757e-01 4.794650e-03 -7.904536e-01 -1.070507e-01 -7.845981e-03 9.942226e-01 5.896669e+01
9.916017e-01 2.855464e-02 1.261378e-01 -4.137673e-01 -2.919181e-02 9.995687e-01 3.205427e-03 -7.878440e-01 -1.259919e-01 -6.860699e-03 9.920075e-01 6.009452e+01
9.888491e-01 2.830520e-02 1.462065e-01 -2.590629e-01 -2.889687e-02 9.995805e-01 1.924125e-03 -8.115868e-01 -1.460907e-01 -6.127579e-03 9.892522e-01 6.119971e+01
9.855465e-01 2.699402e-02 1.672405e-01 -8.342927e-02 -2.755031e-02 9.996199e-01 1.006613e-03 -8.165655e-01 -1.671498e-01 -5.599592e-03 9.859156e-01 6.230754e+01
9.817104e-01 2.270333e-02 1.890217e-01 1.238032e-01 -2.358577e-02 9.997189e-01 2.420090e-03 -8.260031e-01 -1.889137e-01 -6.834050e-03 9.819699e-01 6.336711e+01
9.769005e-01 1.798402e-02 2.129366e-01 3.136131e-01 -1.912511e-02 9.998117e-01 3.300026e-03 -8.402973e-01 -2.128372e-01 -7.296232e-03 9.770604e-01 6.448359e+01
9.713990e-01 1.433996e-02 2.370197e-01 5.591943e-01 -1.521295e-02 9.998826e-01 1.854545e-03 -8.359441e-01 -2.369653e-01 -5.407272e-03 9.715031e-01 6.555151e+01
9.650321e-01 8.875472e-03 2.619813e-01 8.371807e-01 -9.023376e-03 9.999591e-01 -6.384462e-04 -8.484442e-01 -2.619762e-01 -1.747834e-03 9.650727e-01 6.656040e+01
9.575401e-01 6.317030e-03 2.882308e-01 1.139115e+00 -6.358529e-03 9.999795e-01 -7.922590e-04 -8.616693e-01 -2.882299e-01 -1.074104e-03 9.575606e-01 6.754633e+01
9.488663e-01 3.662936e-03 3.156571e-01 1.456049e+00 -4.190575e-03 9.999907e-01 9.928300e-04 -8.790031e-01 -3.156505e-01 -2.264848e-03 9.488728e-01 6.850817e+01
9.391351e-01 1.194679e-04 3.435481e-01 1.805450e+00 -1.165113e-03 9.999953e-01 2.837247e-03 -8.826195e-01 -3.435462e-01 -3.064831e-03 9.391308e-01 6.947278e+01
9.280685e-01 -2.143485e-03 3.724034e-01 2.179447e+00 1.720433e-03 9.999974e-01 1.468299e-03 -8.870158e-01 -3.724056e-01 -7.219870e-04 9.280698e-01 7.043069e+01
9.157945e-01 -5.376906e-04 4.016469e-01 2.567809e+00 1.996657e-03 9.999928e-01 -3.213870e-03 -9.009169e-01 -4.016423e-01 3.745195e-03 9.157890e-01 7.134435e+01
9.026436e-01 -6.923604e-04 4.303882e-01 2.989840e+00 5.226366e-03 9.999426e-01 -9.352545e-03 -9.178837e-01 -4.303570e-01 1.069138e-02 9.025955e-01 7.223998e+01
8.884308e-01 -2.288662e-03 4.590049e-01 3.431211e+00 8.992815e-03 9.998824e-01 -1.242056e-02 -9.406316e-01 -4.589225e-01 1.516256e-02 8.883469e-01 7.309658e+01
8.725551e-01 -1.946441e-03 4.885118e-01 3.905459e+00 7.911938e-03 9.999172e-01 -1.014781e-02 -9.571802e-01 -4.884516e-01 1.271960e-02 8.724983e-01 7.395038e+01
8.546311e-01 -1.731611e-04 5.192356e-01 4.410629e+00 3.548921e-03 9.999785e-01 -5.507830e-03 -9.763085e-01 -5.192235e-01 6.549889e-03 8.546134e-01 7.479032e+01
8.349505e-01 5.550207e-04 5.503248e-01 4.945005e+00 1.301523e-03 9.999947e-01 -2.983193e-03 -9.916621e-01 -5.503236e-01 3.207079e-03 8.349453e-01 7.559249e+01
8.135931e-01 7.652611e-03 5.813843e-01 5.492361e+00 -3.017455e-03 9.999555e-01 -8.939507e-03 -1.011081e+00 -5.814268e-01 5.518820e-03 8.135800e-01 7.636708e+01
7.913541e-01 1.493362e-02 6.111757e-01 6.060818e+00 -5.677817e-03 9.998380e-01 -1.707862e-02 -1.027817e+00 -6.113318e-01 1.004509e-02 7.913107e-01 7.712078e+01
7.685040e-01 1.803465e-02 6.395907e-01 6.650330e+00 -6.703914e-03 9.997748e-01 -2.013570e-02 -1.050608e+00 -6.398098e-01 1.118660e-02 7.684519e-01 7.784488e+01
7.451072e-01 1.624024e-02 6.667470e-01 7.285107e+00 -5.670516e-03 9.998216e-01 -1.801612e-02 -1.076790e+00 -6.669206e-01 9.643145e-03 7.450664e-01 7.854949e+01
7.205197e-01 1.652537e-02 6.932376e-01 7.928336e+00 -5.200688e-03 9.998167e-01 -1.842824e-02 -1.107759e+00 -6.934150e-01 9.672594e-03 7.204735e-01 7.921736e+01
6.950374e-01 1.882723e-02 7.187271e-01 8.587117e+00 -4.211823e-03 9.997465e-01 -2.211560e-02 -1.139362e+00 -7.189613e-01 1.234402e-02 6.949405e-01 7.985209e+01
6.682149e-01 2.210312e-02 7.436399e-01 9.264686e+00 -4.191434e-03 9.996546e-01 -2.594630e-02 -1.161595e+00 -7.439565e-01 1.422079e-02 6.680767e-01 8.048198e+01
6.410845e-01 2.493071e-02 7.670653e-01 9.972323e+00 -5.734710e-03 9.996000e-01 -2.769556e-02 -1.199423e+00 -7.674489e-01 1.335630e-02 6.409710e-01 8.107067e+01
6.129750e-01 2.678912e-02 7.896480e-01 1.070177e+01 -5.605556e-03 9.995473e-01 -2.955865e-02 -1.242262e+00 -7.900824e-01 1.369230e-02 6.128477e-01 8.163497e+01
5.841078e-01 3.392417e-02 8.109669e-01 1.144976e+01 -6.629740e-03 9.992923e-01 -3.702700e-02 -1.276798e+00 -8.116490e-01 1.625126e-02 5.839193e-01 8.217580e+01
5.538778e-01 4.393875e-02 8.314378e-01 1.221917e+01 -7.023046e-03 9.988176e-01 -4.810568e-02 -1.307940e+00 -8.325683e-01 2.080545e-02 5.535315e-01 8.269894e+01
5.226286e-01 5.274617e-02 8.509272e-01 1.300644e+01 -7.203128e-03 9.983219e-01 -5.745861e-02 -1.353314e+00 -8.525300e-01 2.390018e-02 5.221316e-01 8.319919e+01
4.905747e-01 5.812099e-02 8.694587e-01 1.381772e+01 -8.889981e-03 9.980551e-01 -6.170132e-02 -1.404802e+00 -8.713538e-01 2.253963e-02 4.901372e-01 8.366469e+01
4.580173e-01 5.804479e-02 8.870462e-01 1.465422e+01 -9.991880e-03 9.981390e-01 -6.015505e-02 -1.463873e+00 -8.888871e-01 1.868880e-02 4.577449e-01 8.410069e+01
4.244972e-01 5.700717e-02 9.036328e-01 1.550868e+01 -1.342210e-02 9.983025e-01 -5.667430e-02 -1.523003e+00 -9.053297e-01 1.192943e-02 4.245418e-01 8.451484e+01
3.899827e-01 5.867886e-02 9.189507e-01 1.638014e+01 -1.660010e-02 9.982534e-01 -5.669795e-02 -1.580045e+00 -9.206726e-01 6.856545e-03 3.902756e-01 8.489347e+01
3.544689e-01 6.203317e-02 9.330079e-01 1.726084e+01 -2.275840e-02 9.980738e-01 -5.771284e-02 -1.635570e+00 -9.347908e-01 -7.763641e-04 3.551979e-01 8.524107e+01
3.183138e-01 6.436841e-02 9.457976e-01 1.816577e+01 -2.656959e-02 9.979060e-01 -5.897261e-02 -1.689493e+00 -9.476130e-01 -6.357659e-03 3.193575e-01 8.556006e+01
2.821831e-01 6.408971e-02 9.572174e-01 1.909089e+01 -2.800664e-02 9.978911e-01 -5.855676e-02 -1.747428e+00 -9.589517e-01 -1.028472e-02 2.833830e-01 8.583787e+01
2.459187e-01 6.396708e-02 9.671774e-01 2.003436e+01 -2.771785e-02 9.978761e-01 -5.894976e-02 -1.808931e+00 -9.688941e-01 -1.231123e-02 2.471694e-01 8.607965e+01
2.101334e-01 6.375686e-02 9.755916e-01 2.099060e+01 -2.591034e-02 9.978840e-01 -5.963287e-02 -1.869264e+00 -9.773293e-01 -1.274705e-02 2.113408e-01 8.628036e+01
1.749309e-01 6.292453e-02 9.825679e-01 2.195078e+01 -2.253308e-02 9.979501e-01 -5.989796e-02 -1.927247e+00 -9.843228e-01 -1.166227e-02 1.759902e-01 8.644796e+01
1.407488e-01 6.236759e-02 9.880790e-01 2.291595e+01 -1.311856e-02 9.980437e-01 -6.112787e-02 -1.990423e+00 -9.899584e-01 -4.358504e-03 1.412916e-01 8.657635e+01
1.072440e-01 6.625428e-02 9.920227e-01 2.388919e+01 -9.557651e-03 9.977998e-01 -6.560687e-02 -2.054857e+00 -9.941868e-01 -2.445465e-03 1.076412e-01 8.667331e+01
7.480134e-02 7.145242e-02 9.946353e-01 2.487586e+01 -7.613931e-03 9.974415e-01 -7.108141e-02 -2.124684e+00 -9.971694e-01 -2.256100e-03 7.515399e-02 8.674401e+01
4.598958e-02 7.552541e-02 9.960828e-01 2.585077e+01 1.378915e-05 9.971378e-01 -7.560604e-02 -2.197730e+00 -9.989419e-01 3.490826e-03 4.585691e-02 8.678343e+01
2.072773e-02 7.396606e-02 9.970453e-01 2.684421e+01 2.798758e-03 9.972514e-01 -7.403953e-02 -2.270358e+00 -9.997812e-01 4.325160e-03 2.046374e-02 8.679286e+01
-1.492702e-03 7.114344e-02 9.974650e-01 2.785182e+01 5.144827e-03 9.974534e-01 -7.113492e-02 -2.348567e+00 -9.999857e-01 5.025602e-03 -1.854922e-03 8.679205e+01
-2.015392e-02 6.877491e-02 9.974286e-01 2.884371e+01 6.066875e-03 9.976213e-01 -6.866561e-02 -2.426144e+00 -9.997785e-01 4.667393e-03 -2.052323e-02 8.676639e+01
-3.636094e-02 7.212883e-02 9.967323e-01 2.984575e+01 8.249090e-03 9.973796e-01 -7.187474e-02 -2.502107e+00 -9.993047e-01 5.608701e-03 -3.686065e-02 8.672439e+01
-5.090629e-02 7.670918e-02 9.957531e-01 3.083979e+01 1.141422e-02 9.970254e-01 -7.622366e-02 -2.578344e+00 -9.986382e-01 7.485482e-03 -5.163044e-02 8.667022e+01
-6.269384e-02 8.185785e-02 9.946702e-01 3.183703e+01 1.605372e-02 9.965845e-01 -8.100353e-02 -2.664493e+00 -9.979037e-01 1.088973e-02 -6.379383e-02 8.660311e+01
-7.130857e-02 8.534537e-02 9.937964e-01 3.283380e+01 2.153641e-02 9.962322e-01 -8.400923e-02 -2.756641e+00 -9.972218e-01 1.541223e-02 -7.287793e-02 8.652193e+01
-7.696225e-02 9.070603e-02 9.928994e-01 3.384385e+01 2.534999e-02 9.957092e-01 -8.899777e-02 -2.852946e+00 -9.967117e-01 1.832052e-02 -7.893141e-02 8.643550e+01
-8.023080e-02 9.558479e-02 9.921827e-01 3.484540e+01 2.730044e-02 9.952289e-01 -9.367066e-02 -2.948760e+00 -9.964024e-01 1.957175e-02 -8.245751e-02 8.634910e+01
-8.297305e-02 9.978167e-02 9.915438e-01 3.584751e+01 2.934526e-02 9.947878e-01 -9.765250e-02 -3.052743e+00 -9.961196e-01 2.099459e-02 -8.546870e-02 8.626135e+01
-8.547422e-02 1.028585e-01 9.910168e-01 3.685778e+01 2.998633e-02 9.944719e-01 -1.006308e-01 -3.157389e+00 -9.958890e-01 2.111562e-02 -8.808605e-02 8.617122e+01
-8.767594e-02 1.063884e-01 9.904516e-01 3.786490e+01 3.105174e-02 9.940893e-01 -1.040304e-01 -3.269252e+00 -9.956650e-01 2.163428e-02 -9.046126e-02 8.607790e+01
-8.942072e-02 1.104556e-01 9.898502e-01 3.887567e+01 3.232241e-02 9.936299e-01 -1.079574e-01 -3.378223e+00 -9.954693e-01 2.234071e-02 -9.242130e-02 8.597888e+01
-9.123449e-02 1.120900e-01 9.895009e-01 3.989645e+01 3.502856e-02 9.933913e-01 -1.093010e-01 -3.493432e+00 -9.952132e-01 2.468877e-02 -9.455790e-02 8.587508e+01
-9.306180e-02 1.109490e-01 9.894594e-01 4.091641e+01 3.533539e-02 9.935140e-01 -1.080802e-01 -3.613069e+00 -9.950331e-01 2.490479e-02 -9.637863e-02 8.577382e+01
-9.542666e-02 1.106936e-01 9.892627e-01 4.193263e+01 3.480938e-02 9.935612e-01 -1.078168e-01 -3.730978e+00 -9.948277e-01 2.414702e-02 -9.866540e-02 8.567929e+01
-9.762099e-02 1.121219e-01 9.888877e-01 4.295406e+01 3.456455e-02 9.934161e-01 -1.092232e-01 -3.849862e+00 -9.946233e-01 2.351798e-02 -1.008537e-01 8.557776e+01
-1.000764e-01 1.145544e-01 9.883633e-01 4.397555e+01 3.329458e-02 9.931794e-01 -1.117414e-01 -3.964447e+00 -9.944225e-01 2.172445e-02 -1.032079e-01 8.547533e+01
-1.029532e-01 1.169970e-01 9.877815e-01 4.500178e+01 3.147345e-02 9.929444e-01 -1.143282e-01 -4.083311e+00 -9.941881e-01 1.931844e-02 -1.059091e-01 8.537643e+01
-1.056183e-01 1.206329e-01 9.870625e-01 4.602819e+01 2.885736e-02 9.925683e-01 -1.182180e-01 -4.207155e+00 -9.939879e-01 1.599803e-02 -1.083146e-01 8.527171e+01
-1.079987e-01 1.248562e-01 9.862795e-01 4.705922e+01 2.537361e-02 9.921051e-01 -1.228153e-01 -4.336063e+00 -9.938272e-01 1.176158e-02 -1.103141e-01 8.516537e+01
-1.107440e-01 1.272221e-01 9.856725e-01 4.808702e+01 2.298057e-02 9.918356e-01 -1.254356e-01 -4.468991e+00 -9.935832e-01 8.760077e-03 -1.127635e-01 8.505651e+01
-1.136136e-01 1.257295e-01 9.855374e-01 4.912442e+01 2.112863e-02 9.920418e-01 -1.241236e-01 -4.606965e+00 -9.933003e-01 6.720936e-03 -1.153659e-01 8.494217e+01
-1.168997e-01 1.214602e-01 9.856885e-01 5.015639e+01 1.781067e-02 9.925901e-01 -1.201984e-01 -4.745564e+00 -9.929840e-01 3.504619e-03 -1.181968e-01 8.483187e+01
-1.194689e-01 1.199517e-01 9.855652e-01 5.119929e+01 1.778013e-02 9.927741e-01 -1.186738e-01 -4.879383e+00 -9.926787e-01 3.345644e-03 -1.207384e-01 8.471532e+01
-1.216811e-01 1.205134e-01 9.852260e-01 5.224665e+01 1.662252e-02 9.927100e-01 -1.193759e-01 -5.011748e+00 -9.924301e-01 1.851153e-03 -1.227972e-01 8.459676e+01
-1.231028e-01 1.233729e-01 9.846953e-01 5.328985e+01 1.778328e-02 9.923573e-01 -1.221097e-01 -5.144576e+00 -9.922346e-01 2.479055e-03 -1.243560e-01 8.447628e+01
-1.237515e-01 1.262506e-01 9.842491e-01 5.434729e+01 1.805937e-02 9.919957e-01 -1.249736e-01 -5.278967e+00 -9.921489e-01 2.309250e-03 -1.250409e-01 8.434691e+01
-1.242460e-01 1.270127e-01 9.840888e-01 5.539592e+01 1.671367e-02 9.919008e-01 -1.259108e-01 -5.418227e+00 -9.921107e-01 8.038287e-04 -1.253625e-01 8.422401e+01
-1.244169e-01 1.257610e-01 9.842279e-01 5.644441e+01 1.369889e-02 9.920584e-01 -1.250298e-01 -5.561306e+00 -9.921355e-01 -2.072992e-03 -1.251517e-01 8.410400e+01
-1.247853e-01 1.250730e-01 9.842690e-01 5.750058e+01 9.757765e-03 9.921296e-01 -1.248348e-01 -5.705322e+00 -9.921358e-01 -5.973282e-03 -1.250237e-01 8.398436e+01
-1.249865e-01 1.260705e-01 9.841161e-01 5.855835e+01 6.014409e-03 9.919722e-01 -1.263131e-01 -5.847433e+00 -9.921402e-01 -9.868556e-03 -1.247414e-01 8.386152e+01
-1.255728e-01 1.263541e-01 9.840051e-01 5.962448e+01 1.550625e-03 9.918801e-01 -1.271675e-01 -5.989012e+00 -9.920832e-01 -1.444295e-02 -1.247490e-01 8.374252e+01
-1.261398e-01 1.258728e-01 9.839943e-01 6.069600e+01 -1.974828e-03 9.918834e-01 -1.271351e-01 -6.134102e+00 -9.920105e-01 -1.798001e-02 -1.248674e-01 8.361888e+01
-1.262623e-01 1.210690e-01 9.845812e-01 6.177765e+01 -1.689156e-03 9.924968e-01 -1.222590e-01 -6.272701e+00 -9.919955e-01 -1.709981e-02 -1.251104e-01 8.348581e+01
-1.262683e-01 1.127541e-01 9.855673e-01 6.287433e+01 1.757058e-03 9.935431e-01 -1.134414e-01 -6.410231e+00 -9.919946e-01 -1.259236e-02 -1.256511e-01 8.334560e+01
-1.257070e-01 1.078357e-01 9.861892e-01 6.397301e+01 6.963960e-03 9.941463e-01 -1.078181e-01 -6.541179e+00 -9.920430e-01 -6.685703e-03 -1.257221e-01 8.320089e+01
-1.244894e-01 1.105455e-01 9.860436e-01 6.506931e+01 1.496033e-02 9.938704e-01 -1.095342e-01 -6.665692e+00 -9.921081e-01 1.115687e-03 -1.253802e-01 8.305158e+01
-1.228657e-01 1.164222e-01 9.855708e-01 6.616409e+01 2.051923e-02 9.931809e-01 -1.147632e-01 -6.791226e+00 -9.922112e-01 6.122693e-03 -1.244168e-01 8.290328e+01
-1.217886e-01 1.223255e-01 9.849893e-01 6.725968e+01 2.415767e-02 9.924479e-01 -1.202648e-01 -6.925480e+00 -9.922620e-01 9.148171e-03 -1.238239e-01 8.276494e+01
-1.209980e-01 1.268788e-01 9.845107e-01 6.836808e+01 2.487802e-02 9.918737e-01 -1.247702e-01 -7.067731e+00 -9.923409e-01 9.395728e-03 -1.231713e-01 8.262841e+01
-1.210515e-01 1.242387e-01 9.848407e-01 6.948215e+01 2.184636e-02 9.922298e-01 -1.224856e-01 -7.209428e+00 -9.924058e-01 6.688122e-03 -1.228250e-01 8.249833e+01
-1.208344e-01 1.198182e-01 9.854150e-01 7.061303e+01 2.081231e-02 9.927763e-01 -1.181612e-01 -7.353204e+00 -9.924545e-01 6.230816e-03 -1.224552e-01 8.236248e+01
-1.208010e-01 1.179108e-01 9.856491e-01 7.174100e+01 1.825160e-02 9.930165e-01 -1.165553e-01 -7.492028e+00 -9.925089e-01 3.909686e-03 -1.221094e-01 8.223135e+01
-1.206387e-01 1.189730e-01 9.855413e-01 7.286775e+01 1.622848e-02 9.928959e-01 -1.178744e-01 -7.626587e+00 -9.925638e-01 1.773626e-03 -1.217124e-01 8.209966e+01
-1.204450e-01 1.245140e-01 9.848803e-01 7.399223e+01 1.659223e-02 9.922168e-01 -1.234123e-01 -7.761878e+00 -9.925813e-01 1.476962e-03 -1.215735e-01 8.196686e+01
-1.197839e-01 1.274295e-01 9.845880e-01 7.512413e+01 1.595928e-02 9.918475e-01 -1.264274e-01 -7.904194e+00 -9.926717e-01 5.693458e-04 -1.208411e-01 8.183068e+01
-1.192591e-01 1.264692e-01 9.847755e-01 7.626835e+01 1.624828e-02 9.919700e-01 -1.254254e-01 -8.054928e+00 -9.927302e-01 1.042790e-03 -1.203564e-01 8.169450e+01
-1.186538e-01 1.199625e-01 9.856624e-01 7.741248e+01 1.778702e-02 9.927724e-01 -1.186867e-01 -8.204575e+00 -9.927764e-01 3.449375e-03 -1.199300e-01 8.155947e+01
-1.189788e-01 1.186374e-01 9.857836e-01 7.856564e+01 1.724602e-02 9.929330e-01 -1.174163e-01 -8.351394e+00 -9.927470e-01 3.030790e-03 -1.201840e-01 8.142523e+01
-1.187880e-01 1.218683e-01 9.854124e-01 7.969366e+01 1.455226e-02 9.925463e-01 -1.209963e-01 -8.492894e+00 -9.928130e-01 -3.292444e-05 -1.196760e-01 8.129705e+01
-1.187425e-01 1.251439e-01 9.850072e-01 8.085214e+01 1.393040e-02 9.921380e-01 -1.243706e-01 -8.636792e+00 -9.928274e-01 -1.046528e-03 -1.195522e-01 8.116499e+01
-1.189789e-01 1.246319e-01 9.850436e-01 8.202144e+01 1.253817e-02 9.922001e-01 -1.240230e-01 -8.790556e+00 -9.928176e-01 -2.405472e-03 -1.196135e-01 8.103276e+01
-1.187239e-01 1.212684e-01 9.854941e-01 8.319738e+01 1.205037e-02 9.926167e-01 -1.206931e-01 -8.943313e+00 -9.928542e-01 -2.453591e-03 -1.193087e-01 8.089661e+01
-1.177459e-01 1.202476e-01 9.857365e-01 8.437231e+01 1.259094e-02 9.927425e-01 -1.195983e-01 -9.095769e+00 -9.929639e-01 -1.670854e-03 -1.184053e-01 8.075593e+01
-1.164548e-01 1.210192e-01 9.857954e-01 8.555773e+01 1.399485e-02 9.926501e-01 -1.202075e-01 -9.244091e+00 -9.930974e-01 -2.026778e-04 -1.172926e-01 8.061584e+01
-1.150352e-01 1.214529e-01 9.859088e-01 8.674662e+01 1.658405e-02 9.925940e-01 -1.203415e-01 -9.395220e+00 -9.932230e-01 2.506855e-03 -1.161974e-01 8.047235e+01
-1.138725e-01 1.211060e-01 9.860864e-01 8.793452e+01 1.631118e-02 9.926366e-01 -1.200269e-01 -9.547054e+00 -9.933615e-01 2.416465e-03 -1.150094e-01 8.033659e+01
-1.124334e-01 1.220145e-01 9.861395e-01 8.913104e+01 1.745118e-02 9.925217e-01 -1.208145e-01 -9.698326e+00 -9.935060e-01 3.625710e-03 -1.137219e-01 8.020237e+01
-1.111312e-01 1.204886e-01 9.864747e-01 9.033537e+01 1.759154e-02 9.927063e-01 -1.192679e-01 -9.850424e+00 -9.936500e-01 4.099223e-03 -1.124402e-01 8.006571e+01
-1.100480e-01 1.198988e-01 9.866680e-01 9.153992e+01 1.629236e-02 9.927816e-01 -1.188245e-01 -1.000263e+01 -9.937927e-01 2.998754e-03 -1.112070e-01 7.993551e+01
-1.084291e-01 1.194987e-01 9.868957e-01 9.275859e+01 1.743949e-02 9.928247e-01 -1.183005e-01 -1.015133e+01 -9.939512e-01 4.383734e-03 -1.097351e-01 7.980073e+01
-1.067807e-01 1.205500e-01 9.869476e-01 9.397680e+01 1.524923e-02 9.927046e-01 -1.196033e-01 -1.030401e+01 -9.941657e-01 2.278868e-03 -1.078400e-01 7.967169e+01
-1.049718e-01 1.234181e-01 9.867872e-01 9.520106e+01 1.573900e-02 9.923511e-01 -1.224397e-01 -1.045716e+01 -9.943506e-01 2.678334e-03 -1.061114e-01 7.953874e+01
-1.038850e-01 1.224338e-01 9.870248e-01 9.642342e+01 1.335455e-02 9.924765e-01 -1.217045e-01 -1.061129e+01 -9.944997e-01 5.380015e-04 -1.047384e-01 7.941341e+01
-1.035735e-01 1.210656e-01 9.872262e-01 9.764991e+01 9.430174e-03 9.926394e-01 -1.207400e-01 -1.077011e+01 -9.945771e-01 -3.195748e-03 -1.039528e-01 7.929299e+01
-1.034823e-01 1.222897e-01 9.870849e-01 9.887736e+01 6.951281e-03 9.924776e-01 -1.222291e-01 -1.092496e+01 -9.946070e-01 -5.787036e-03 -1.035539e-01 7.917274e+01
-1.040475e-01 1.218559e-01 9.870792e-01 1.001116e+02 3.947620e-03 9.925087e-01 -1.221100e-01 -1.108276e+01 -9.945645e-01 -8.808626e-03 -1.037490e-01 7.905250e+01
-1.052630e-01 1.193825e-01 9.872525e-01 1.013536e+02 1.274119e-03 9.927833e-01 -1.199155e-01 -1.124364e+01 -9.944436e-01 -1.136479e-02 -1.046555e-01 7.892914e+01
-1.066148e-01 1.179857e-01 9.872754e-01 1.026028e+02 -9.916936e-04 9.929216e-01 -1.187676e-01 -1.140496e+01 -9.942999e-01 -1.364146e-02 -1.057432e-01 7.880385e+01
-1.081596e-01 1.173351e-01 9.871849e-01 1.038558e+02 -3.128053e-03 9.929652e-01 -1.183649e-01 -1.156372e+01 -9.941286e-01 -1.589027e-02 -1.070317e-01 7.867535e+01
-1.102411e-01 1.174216e-01 9.869443e-01 1.051013e+02 -3.385817e-03 9.929466e-01 -1.185139e-01 -1.172565e+01 -9.938991e-01 -1.640672e-02 -1.090660e-01 7.854976e+01
-1.125283e-01 1.163090e-01 9.868179e-01 1.063569e+02 -3.722862e-03 9.930694e-01 -1.174704e-01 -1.188226e+01 -9.936415e-01 -1.689253e-02 -1.113154e-01 7.841373e+01
-1.160078e-01 1.118226e-01 9.869336e-01 1.076134e+02 -6.229530e-03 9.935409e-01 -1.133035e-01 -1.203528e+01 -9.932288e-01 -1.929222e-02 -1.145619e-01 7.828205e+01
-1.201068e-01 1.117848e-01 9.864474e-01 1.088616e+02 -6.925138e-03 9.935219e-01 -1.134296e-01 -1.219361e+01 -9.927368e-01 -2.045496e-02 -1.185546e-01 7.813798e+01
-1.257815e-01 1.176003e-01 9.850630e-01 1.100900e+02 -1.198124e-02 9.926966e-01 -1.200415e-01 -1.234887e+01 -9.919856e-01 -2.690128e-02 -1.234539e-01 7.799349e+01
-1.329428e-01 1.207006e-01 9.837467e-01 1.113033e+02 -1.109528e-02 9.923135e-01 -1.232511e-01 -1.250600e+01 -9.910616e-01 -2.730029e-02 -1.305818e-01 7.784365e+01
-1.418388e-01 1.166780e-01 9.829893e-01 1.125414e+02 -9.312212e-03 9.928279e-01 -1.191894e-01 -1.266895e+01 -9.898460e-01 -2.605949e-02 -1.397350e-01 7.767130e+01
-1.524261e-01 1.143969e-01 9.816719e-01 1.137806e+02 -7.116364e-03 9.931257e-01 -1.168366e-01 -1.283102e+01 -9.882892e-01 -2.479488e-02 -1.505642e-01 7.748085e+01
-1.648404e-01 1.155046e-01 9.795337e-01 1.150186e+02 -6.492810e-03 9.929708e-01 -1.181817e-01 -1.298547e+01 -9.862989e-01 -2.584104e-02 -1.629317e-01 7.726991e+01
-1.788541e-01 1.157969e-01 9.770375e-01 1.162315e+02 -4.201200e-03 9.929509e-01 -1.184520e-01 -1.313939e+01 -9.838666e-01 -2.529035e-02 -1.771068e-01 7.705448e+01
-1.930187e-01 1.137020e-01 9.745849e-01 1.174310e+02 -2.735544e-03 9.931969e-01 -1.164151e-01 -1.329640e+01 -9.811913e-01 -2.513632e-02 -1.913945e-01 7.682278e+01
-2.077983e-01 1.165624e-01 9.712019e-01 1.186239e+02 2.693113e-03 9.929390e-01 -1.185951e-01 -1.345242e+01 -9.781680e-01 -2.202830e-02 -2.066450e-01 7.656906e+01
-2.227062e-01 1.201598e-01 9.674521e-01 1.197966e+02 3.656489e-03 9.924710e-01 -1.224254e-01 -1.360462e+01 -9.748787e-01 -2.372743e-02 -2.214688e-01 7.630300e+01
-2.381213e-01 1.239094e-01 9.632989e-01 1.209527e+02 3.900906e-03 9.919424e-01 -1.266295e-01 -1.376542e+01 -9.712276e-01 -2.639544e-02 -2.366859e-01 7.602947e+01
-2.544106e-01 1.219726e-01 9.593737e-01 1.221279e+02 9.729036e-04 9.920464e-01 -1.258686e-01 -1.392493e+01 -9.670958e-01 -3.108892e-02 -2.525058e-01 7.573636e+01
-2.706878e-01 1.162728e-01 9.556196e-01 1.232976e+02 -3.884607e-03 9.925391e-01 -1.218652e-01 -1.408943e+01 -9.626594e-01 -3.669963e-02 -2.682165e-01 7.542453e+01
-2.864685e-01 1.123258e-01 9.514824e-01 1.244632e+02 -7.212462e-03 9.928227e-01 -1.193777e-01 -1.424824e+01 -9.580625e-01 -4.106047e-02 -2.836023e-01 7.509121e+01
-3.017283e-01 1.137383e-01 9.465853e-01 1.256100e+02 -8.308591e-03 9.925071e-01 -1.219045e-01 -1.440617e+01 -9.533578e-01 -4.464683e-02 -2.985224e-01 7.474233e+01
-3.161062e-01 1.156315e-01 9.416508e-01 1.267540e+02 -8.030888e-03 9.921830e-01 -1.245326e-01 -1.456444e+01 -9.486898e-01 -4.692783e-02 -3.127065e-01 7.437130e+01
-3.299095e-01 1.178950e-01 9.366218e-01 1.278913e+02 -5.787862e-03 9.918997e-01 -1.268917e-01 -1.472581e+01 -9.439948e-01 -4.728382e-02 -3.265548e-01 7.398094e+01
-3.436878e-01 1.178412e-01 9.316610e-01 1.290253e+02 -2.947071e-03 9.919553e-01 -1.265546e-01 -1.489032e+01 -9.390793e-01 -4.624096e-02 -3.405756e-01 7.357043e+01
-3.575882e-01 1.158983e-01 9.266597e-01 1.301388e+02 -2.024917e-03 9.921706e-01 -1.248732e-01 -1.505409e+01 -9.338772e-01 -4.652958e-02 -3.545538e-01 7.314999e+01
-3.721509e-01 1.145637e-01 9.210749e-01 1.312663e+02 -1.656832e-03 9.922698e-01 -1.240883e-01 -1.521722e+01 -9.281708e-01 -4.770565e-02 -3.690843e-01 7.270871e+01
-3.868267e-01 1.161330e-01 9.148105e-01 1.323641e+02 -1.916827e-03 9.919348e-01 -1.267343e-01 -1.537830e+01 -9.221504e-01 -5.077776e-02 -3.834843e-01 7.225522e+01
-4.014171e-01 1.185790e-01 9.081868e-01 1.334593e+02 3.535034e-05 9.915856e-01 -1.294525e-01 -1.553343e+01 -9.158954e-01 -5.193232e-02 -3.980436e-01 7.177838e+01
-4.158834e-01 1.204485e-01 9.014062e-01 1.345383e+02 2.096854e-03 9.913146e-01 -1.314949e-01 -1.569546e+01 -9.094155e-01 -5.279643e-02 -4.125239e-01 7.128689e+01
-4.298986e-01 1.233301e-01 8.944143e-01 1.356176e+02 5.799635e-03 9.909835e-01 -1.338583e-01 -1.586169e+01 -9.028585e-01 -5.235824e-02 -4.267377e-01 7.077037e+01
-4.446602e-01 1.266027e-01 8.867069e-01 1.366929e+02 6.133742e-03 9.903676e-01 -1.383274e-01 -1.603343e+01 -8.956783e-01 -5.606984e-02 -4.411536e-01 7.024267e+01
-4.594710e-01 1.289395e-01 8.787838e-01 1.377653e+02 7.961748e-03 9.899648e-01 -1.410898e-01 -1.620581e+01 -8.881571e-01 -5.783001e-02 -4.558867e-01 6.968952e+01
-4.748665e-01 1.263445e-01 8.709414e-01 1.388399e+02 7.310895e-03 9.901732e-01 -1.396550e-01 -1.637852e+01 -8.800275e-01 -5.995009e-02 -4.711238e-01 6.912252e+01
-4.909569e-01 1.216436e-01 8.626495e-01 1.399097e+02 5.045741e-03 9.905841e-01 -1.368122e-01 -1.656294e+01 -8.711692e-01 -6.281621e-02 -4.869479e-01 6.853009e+01
-5.069021e-01 1.218412e-01 8.533493e-01 1.409642e+02 5.441500e-03 9.903927e-01 -1.381760e-01 -1.673809e+01 -8.619865e-01 -6.539819e-02 -5.026951e-01 6.791786e+01
-5.228583e-01 1.213527e-01 8.437374e-01 1.420186e+02 5.357501e-03 9.902628e-01 -1.391071e-01 -1.691030e+01 -8.524028e-01 -6.821299e-02 -5.184173e-01 6.728278e+01
-5.388717e-01 1.199862e-01 8.337989e-01 1.430640e+02 5.422536e-03 9.902776e-01 -1.389994e-01 -1.709113e+01 -8.423704e-01 -7.038155e-02 -5.342832e-01 6.663209e+01
-5.545301e-01 1.193541e-01 8.235599e-01 1.440978e+02 4.754150e-03 9.900992e-01 -1.402886e-01 -1.727094e+01 -8.321501e-01 -7.387895e-02 -5.496073e-01 6.595789e+01
-5.699327e-01 1.183542e-01 8.131230e-01 1.451160e+02 4.961171e-03 9.900499e-01 -1.406294e-01 -1.745499e+01 -8.216764e-01 -7.611525e-02 -5.648489e-01 6.526117e+01
-5.854788e-01 1.154642e-01 8.024230e-01 1.461547e+02 5.097747e-03 9.903100e-01 -1.387806e-01 -1.763560e+01 -8.106717e-01 -7.716254e-02 -5.803941e-01 6.453407e+01
-6.006508e-01 1.118182e-01 7.916535e-01 1.471915e+02 5.769045e-03 9.907519e-01 -1.355631e-01 -1.781807e+01 -7.994906e-01 -7.685897e-02 -5.957411e-01 6.377647e+01
-6.155331e-01 1.100398e-01 7.803911e-01 1.482112e+02 7.305183e-03 9.909586e-01 -1.339692e-01 -1.800049e+01 -7.880772e-01 -7.676155e-02 -6.107716e-01 6.299211e+01
-6.305823e-01 1.081024e-01 7.685570e-01 1.492231e+02 6.869591e-03 9.909909e-01 -1.337527e-01 -1.817562e+01 -7.760920e-01 -7.906244e-02 -6.256439e-01 6.219689e+01
-6.453900e-01 1.086776e-01 7.560826e-01 1.502204e+02 6.262056e-03 9.905466e-01 -1.370336e-01 -1.836727e+01 -7.638276e-01 -8.370550e-02 -6.399694e-01 6.137442e+01
-6.608617e-01 1.076469e-01 7.427475e-01 1.511817e+02 4.795484e-03 9.902456e-01 -1.392502e-01 -1.855057e+01 -7.504924e-01 -8.846330e-02 -6.549316e-01 6.054853e+01
-6.768884e-01 1.037267e-01 7.287406e-01 1.521403e+02 3.456814e-03 9.904585e-01 -1.377680e-01 -1.874234e+01 -7.360775e-01 -9.073442e-02 -6.707884e-01 5.969921e+01
-6.935590e-01 9.552404e-02 7.140385e-01 1.531335e+02 3.397774e-04 9.912131e-01 -1.322744e-01 -1.894260e+01 -7.203997e-01 -9.149750e-02 -6.874972e-01 5.878484e+01
-7.109703e-01 9.259391e-02 6.970994e-01 1.540965e+02 1.976609e-04 9.913198e-01 -1.314728e-01 -1.912908e+01 -7.032220e-01 -9.333549e-02 -7.048172e-01 5.786972e+01
-7.287542e-01 8.935285e-02 6.789208e-01 1.550260e+02 -8.634304e-04 9.913296e-01 -1.313958e-01 -1.931153e+01 -6.847749e-01 -9.634145e-02 -7.223584e-01 5.692798e+01
-7.462937e-01 8.516232e-02 6.601463e-01 1.559294e+02 -3.199474e-03 9.913108e-01 -1.315013e-01 -1.949678e+01 -6.656091e-01 -1.002507e-01 -7.395365e-01 5.595972e+01
-7.628594e-01 8.271799e-02 6.412514e-01 1.567811e+02 -2.098424e-03 9.914606e-01 -1.303895e-01 -1.967891e+01 -6.465611e-01 -1.008144e-01 -7.561714e-01 5.498415e+01
-7.786346e-01 8.428816e-02 6.217907e-01 1.575892e+02 8.408038e-04 9.910761e-01 -1.332945e-01 -1.986228e+01 -6.274770e-01 -1.032649e-01 -7.717571e-01 5.399841e+01
-7.936534e-01 8.316748e-02 6.026587e-01 1.583944e+02 4.588488e-03 9.914019e-01 -1.307717e-01 -2.004108e+01 -6.083529e-01 -1.010221e-01 -7.872111e-01 5.297559e+01
-8.078628e-01 8.460340e-02 5.832667e-01 1.591556e+02 1.019382e-02 9.915010e-01 -1.296991e-01 -2.022770e+01 -5.892825e-01 -9.883334e-02 -8.018592e-01 5.193608e+01
-8.220665e-01 8.512991e-02 5.629916e-01 1.599003e+02 1.250437e-02 9.912209e-01 -1.316239e-01 -2.040737e+01 -5.692541e-01 -1.011637e-01 -8.159140e-01 5.086838e+01
-8.357602e-01 8.625853e-02 5.422771e-01 1.606167e+02 1.431735e-02 9.906715e-01 -1.355174e-01 -2.058854e+01 -5.489080e-01 -1.054961e-01 -8.291988e-01 4.980386e+01
-8.486289e-01 8.607939e-02 5.219380e-01 1.613156e+02 1.761157e-02 9.907221e-01 -1.347575e-01 -2.077656e+01 -5.286954e-01 -1.051670e-01 -8.422714e-01 4.871557e+01
-8.600219e-01 8.397533e-02 5.032996e-01 1.619684e+02 1.964771e-02 9.910831e-01 -1.317884e-01 -2.095410e+01 -5.098787e-01 -1.034523e-01 -8.540031e-01 4.760388e+01
-8.703806e-01 8.501861e-02 4.849840e-01 1.626063e+02 2.275844e-02 9.908737e-01 -1.328584e-01 -2.113568e+01 -4.918533e-01 -1.045999e-01 -8.643721e-01 4.648787e+01
-8.797303e-01 8.738089e-02 4.673749e-01 1.632046e+02 2.600157e-02 9.903384e-01 -1.362125e-01 -2.130678e+01 -4.747616e-01 -1.076777e-01 -8.735027e-01 4.538426e+01
-8.889404e-01 8.441747e-02 4.501762e-01 1.637957e+02 2.453763e-02 9.902343e-01 -1.372365e-01 -2.149013e+01 -4.573651e-01 -1.109488e-01 -8.823308e-01 4.427560e+01
-8.973252e-01 8.074911e-02 4.339205e-01 1.643862e+02 2.336151e-02 9.904332e-01 -1.360013e-01 -2.168406e+01 -4.407513e-01 -1.119003e-01 -8.906271e-01 4.311463e+01
-9.046055e-01 7.824371e-02 4.190070e-01 1.649456e+02 2.264287e-02 9.904409e-01 -1.360667e-01 -2.186664e+01 -4.256480e-01 -1.135992e-01 -8.977299e-01 4.195485e+01
-9.113452e-01 7.553080e-02 4.046542e-01 1.654933e+02 2.217670e-02 9.906034e-01 -1.349558e-01 -2.205869e+01 -4.110452e-01 -1.140174e-01 -9.044567e-01 4.076887e+01
-9.176737e-01 7.230727e-02 3.907002e-01 1.660219e+02 2.087696e-02 9.907184e-01 -1.343176e-01 -2.223478e+01 -3.967860e-01 -1.151031e-01 -9.106658e-01 3.957661e+01
-9.234377e-01 6.668966e-02 3.779092e-01 1.665230e+02 1.829194e-02 9.913137e-01 -1.302400e-01 -2.241971e+01 -3.833123e-01 -1.133558e-01 -9.166363e-01 3.839471e+01
-9.287588e-01 6.202803e-02 3.654582e-01 1.670189e+02 1.642549e-02 9.918185e-01 -1.265951e-01 -2.259790e+01 -3.703206e-01 -1.115735e-01 -9.221789e-01 3.722126e+01
-9.329350e-01 6.202022e-02 3.546630e-01 1.674860e+02 1.912375e-02 9.921974e-01 -1.232017e-01 -2.277070e+01 -3.595367e-01 -1.081567e-01 -9.268417e-01 3.602290e+01
-9.359190e-01 6.574987e-02 3.460240e-01 1.679381e+02 2.372735e-02 9.919597e-01 -1.243103e-01 -2.295068e+01 -3.514152e-01 -1.081341e-01 -9.299539e-01 3.481817e+01
-9.379127e-01 7.067556e-02 3.395949e-01 1.683767e+02 2.919514e-02 9.916331e-01 -1.257432e-01 -2.312234e+01 -3.456405e-01 -1.080216e-01 -9.321287e-01 3.361308e+01
-9.395698e-01 7.385595e-02 3.342963e-01 1.688049e+02 3.242361e-02 9.912609e-01 -1.278694e-01 -2.329764e+01 -3.408187e-01 -1.093032e-01 -9.337534e-01 3.240836e+01
-9.414303e-01 7.079053e-02 3.296933e-01 1.692330e+02 3.017129e-02 9.914779e-01 -1.267332e-01 -2.346996e+01 -3.358551e-01 -1.093632e-01 -9.355432e-01 3.120789e+01
-9.434731e-01 6.303114e-02 3.254008e-01 1.696633e+02 2.386229e-02 9.921210e-01 -1.229902e-01 -2.364285e+01 -3.305891e-01 -1.082731e-01 -9.375435e-01 2.999872e+01
-9.454517e-01 5.680355e-02 3.207716e-01 1.700906e+02 1.860210e-02 9.924873e-01 -1.209253e-01 -2.381647e+01 -3.252307e-01 -1.083620e-01 -9.394055e-01 2.878361e+01
-9.473729e-01 5.000304e-02 3.162028e-01 1.705183e+02 1.155765e-02 9.924246e-01 -1.223102e-01 -2.398266e+01 -3.199233e-01 -1.122189e-01 -9.407741e-01 2.756812e+01
-9.487333e-01 4.759839e-02 3.124733e-01 1.709367e+02 8.673223e-03 9.921443e-01 -1.247975e-01 -2.415250e+01 -3.159588e-01 -1.156894e-01 -9.416932e-01 2.635419e+01
-9.494566e-01 4.759573e-02 3.102690e-01 1.713452e+02 8.127670e-03 9.918339e-01 -1.272773e-01 -2.432403e+01 -3.137931e-01 -1.183225e-01 -9.420901e-01 2.513633e+01
-9.497247e-01 4.765175e-02 3.094388e-01 1.717495e+02 7.608631e-03 9.915706e-01 -1.293437e-01 -2.449828e+01 -3.129939e-01 -1.204865e-01 -9.420816e-01 2.392579e+01
-9.494892e-01 5.069493e-02 3.096777e-01 1.721517e+02 1.016934e-02 9.913169e-01 -1.311010e-01 -2.467541e+01 -3.136349e-01 -1.213298e-01 -9.417602e-01 2.270778e+01
-9.490836e-01 5.137799e-02 3.108066e-01 1.725549e+02 1.013312e-02 9.910792e-01 -1.328881e-01 -2.485270e+01 -3.148614e-01 -1.229724e-01 -9.411376e-01 2.149387e+01
-9.486096e-01 5.206830e-02 3.121357e-01 1.729648e+02 1.006869e-02 9.908373e-01 -1.346849e-01 -2.503719e+01 -3.162886e-01 -1.246206e-01 -9.404421e-01 2.027270e+01
-9.478885e-01 5.315005e-02 3.141376e-01 1.733689e+02 1.097491e-02 9.908488e-01 -1.345292e-01 -2.522053e+01 -3.184131e-01 -1.240711e-01 -9.397976e-01 1.906347e+01
-9.470339e-01 5.242862e-02 3.168249e-01 1.737835e+02 9.705158e-03 9.908049e-01 -1.349497e-01 -2.540845e+01 -3.209869e-01 -1.247271e-01 -9.388347e-01 1.784083e+01
-9.457228e-01 5.145905e-02 3.208743e-01 1.741929e+02 8.079987e-03 9.908015e-01 -1.350818e-01 -2.558945e+01 -3.248739e-01 -1.251573e-01 -9.374394e-01 1.664804e+01
-9.440003e-01 5.007803e-02 3.261221e-01 1.746100e+02 6.492574e-03 9.910427e-01 -1.333871e-01 -2.576667e+01 -3.298807e-01 -1.238001e-01 -9.358698e-01 1.544211e+01
-9.418655e-01 4.822180e-02 3.325117e-01 1.750335e+02 4.604470e-03 9.914068e-01 -1.307341e-01 -2.594720e+01 -3.359586e-01 -1.216029e-01 -9.339939e-01 1.423679e+01
-9.393744e-01 4.580645e-02 3.398198e-01 1.754739e+02 1.907959e-03 9.917199e-01 -1.284059e-01 -2.612124e+01 -3.428879e-01 -1.199729e-01 -9.316836e-01 1.304196e+01
-9.365990e-01 4.790983e-02 3.471124e-01 1.759193e+02 3.071483e-03 9.916931e-01 -1.285897e-01 -2.629720e+01 -3.503897e-01 -1.193709e-01 -9.289659e-01 1.185520e+01
-9.332841e-01 4.789387e-02 3.559312e-01 1.763713e+02 1.765501e-03 9.916679e-01 -1.288089e-01 -2.647515e+01 -3.591347e-01 -1.195869e-01 -9.255924e-01 1.067768e+01
-9.294305e-01 5.048749e-02 3.655271e-01 1.768316e+02 2.094330e-03 9.913013e-01 -1.315957e-01 -2.665160e+01 -3.689914e-01 -1.215435e-01 -9.214513e-01 9.519827e+00
-9.249972e-01 5.230139e-02 3.763572e-01 1.772988e+02 2.692938e-03 9.913591e-01 -1.311480e-01 -2.682197e+01 -3.799644e-01 -1.202980e-01 -9.171453e-01 8.367776e+00
