1.000000e+00 0.000000e+00 0.000000e+00 0.000000e+00 0.000000e+00 1.000000e+00 0.000000e+00 0.000000e+00 0.000000e+00 0.000000e+00 1.000000e+00 0.000000e+00
9.999298e-01 -2.402520e-03 1.160131e-02 1.269762e-02 2.387763e-03 9.999963e-01 1.285679e-03 -8.922138e-03 -1.160435e-02 -1.257888e-03 9.999319e-01 2.970853e-01
9.998231e-01 -4.189038e-03 1.833564e-02 2.479627e-02 4.160151e-03 9.999900e-01 1.613301e-03 -1.970629e-02 -1.834221e-02 -1.536737e-03 9.998306e-01 6.014168e-01
9.997773e-01 -6.368633e-03 2.011907e-02 3.970822e-02 6.363097e-03 9.999797e-01 3.391451e-04 -2.384722e-02 -2.012083e-02 -2.110500e-04 9.997975e-01 9.156506e-01
9.998105e-01 -7.266790e-03 1.805888e-02 4.464622e-02 7.290301e-03 9.999727e-01 -1.236401e-03 -2.696327e-02 -1.804940e-02 1.367821e-03 9.998362e-01 1.233747e+00
9.998911e-01 -9.449659e-03 1.133865e-02 4.289972e-02 9.479814e-03 9.999517e-01 -2.608716e-03 -3.007457e-02 -1.131345e-02 2.715920e-03 9.999323e-01 1.557767e+00
9.999414e-01 -1.076337e-02 -1.134807e-03 3.883316e-02 1.075789e-02 9.999309e-01 -4.732847e-03 -3.116676e-02 1.185670e-03 4.720361e-03 9.999882e-01 1.892651e+00
9.997919e-01 -9.842829e-03 -1.786725e-02 2.306559e-02 9.757184e-03 9.999405e-01 -4.874310e-03 -3.822980e-02 1.791416e-02 4.698962e-03 9.998285e-01 2.231767e+00
9.992883e-01 -4.910525e-03 -3.740100e-02 -1.043864e-02 4.731934e-03 9.999770e-01 -4.862074e-03 -4.120441e-02 3.742402e-02 4.681635e-03 9.992885e-01 2.581076e+00
9.983617e-01 -9.297558e-04 -5.721142e-02 -5.246733e-02 5.781938e-04 9.999809e-01 -6.161208e-03 -4.419617e-02 5.721606e-02 6.118035e-03 9.983431e-01 2.937108e+00
9.969876e-01 -3.974222e-04 -7.755979e-02 -9.536617e-02 -1.109637e-04 9.999785e-01 -6.550341e-03 -4.868990e-02 7.756073e-02 6.539216e-03 9.969662e-01 3.310107e+00
9.951194e-01 -1.423212e-03 -9.866775e-02 -1.464205e-01 8.289945e-04 9.999813e-01 -6.063143e-03 -5.105933e-02 9.867453e-02 5.951756e-03 9.951020e-01 3.688824e+00
9.929382e-01 -2.533439e-03 -1.186059e-01 -2.028418e-01 1.914756e-03 9.999840e-01 -5.329953e-03 -5.408518e-02 1.186175e-01 5.065213e-03 9.929271e-01 4.081169e+00
9.906307e-01 -1.196946e-03 -1.365625e-01 -2.726517e-01 5.466754e-04 9.999883e-01 -4.799109e-03 -5.788359e-02 1.365667e-01 4.679489e-03 9.906198e-01 4.482832e+00
9.883480e-01 1.356671e-04 -1.522110e-01 -3.523755e-01 -7.520268e-04 9.999917e-01 -3.991816e-03 -6.575064e-02 1.522092e-01 4.059771e-03 9.883400e-01 4.896834e+00
9.861723e-01 1.291473e-03 -1.657183e-01 -4.403013e-01 -2.035558e-03 9.999886e-01 -4.320303e-03 -7.296128e-02 1.657109e-01 4.597892e-03 9.861637e-01 5.321128e+00
9.840064e-01 -4.869914e-04 -1.781322e-01 -5.234422e-01 -4.252849e-04 9.999870e-01 -5.083124e-03 -8.163281e-02 1.781324e-01 5.077584e-03 9.839934e-01 5.758583e+00
9.821760e-01 -4.013369e-03 -1.879207e-01 -6.139728e-01 2.653930e-03 9.999685e-01 -7.485162e-03 -8.918296e-02 1.879448e-01 6.853019e-03 9.821557e-01 6.208046e+00
9.806260e-01 -2.972082e-03 -1.958670e-01 -7.130229e-01 1.127532e-03 9.999540e-01 -9.528192e-03 -9.655574e-02 1.958863e-01 9.122746e-03 9.805842e-01 6.671818e+00
9.790997e-01 -2.232789e-03 -2.033685e-01 -8.192081e-01 -8.940785e-05 9.999349e-01 -1.140876e-02 -1.041918e-01 2.033807e-01 1.118850e-02 9.790358e-01 7.145304e+00
9.773275e-01 -3.125296e-03 -2.117101e-01 -9.276957e-01 1.292530e-04 9.998997e-01 -1.416399e-02 -1.139510e-01 2.117331e-01 1.381549e-02 9.772299e-01 7.637889e+00
9.755775e-01 -6.661719e-03 -2.195545e-01 -1.041093e+00 3.228997e-03 9.998669e-01 -1.599009e-02 -1.249238e-01 2.196318e-01 1.489063e-02 9.754692e-01 8.138042e+00
9.736889e-01 -1.308427e-02 -2.275055e-01 -1.153879e+00 9.397078e-03 9.998065e-01 -1.728269e-02 -1.394397e-01 2.276876e-01 1.469008e-02 9.736234e-01 8.654731e+00
9.716075e-01 -1.340382e-02 -2.362184e-01 -1.284129e+00 8.961993e-03 9.997625e-01 -1.986761e-02 -1.541025e-01 2.364285e-01 1.718653e-02 9.714969e-01 9.180985e+00
9.694841e-01 -9.485126e-03 -2.449708e-01 -1.433177e+00 3.665374e-03 9.997004e-01 -2.420191e-02 -1.658526e-01 2.451270e-01 2.256546e-02 9.692283e-01 9.717587e+00
9.672753e-01 -5.999814e-03 -2.536581e-01 -1.596641e+00 -9.592243e-04 9.996268e-01 -2.730214e-02 -1.848001e-01 2.537272e-01 2.665200e-02 9.669086e-01 1.026677e+01
9.649906e-01 -8.211124e-03 -2.621559e-01 -1.755142e+00 6.237915e-04 9.995789e-01 -2.901217e-02 -2.076896e-01 2.622838e-01 2.783294e-02 9.645893e-01 1.083162e+01
9.626178e-01 -1.072769e-02 -2.706509e-01 -1.913450e+00 2.277172e-03 9.995006e-01 -3.151768e-02 -2.282516e-01 2.708538e-01 2.972316e-02 9.621615e-01 1.139918e+01
9.603392e-01 -1.009639e-02 -2.786517e-01 -2.087078e+00 6.057635e-04 9.994174e-01 -3.412421e-02 -2.549175e-01 2.788339e-01 3.260201e-02 9.597858e-01 1.197600e+01
9.579773e-01 -9.043397e-03 -2.867016e-01 -2.276519e+00 -1.876510e-03 9.992839e-01 -3.779043e-02 -2.843540e-01 2.868380e-01 3.674037e-02 9.572743e-01 1.256557e+01
9.556010e-01 -1.016792e-02 -2.944884e-01 -2.462358e+00 -2.659906e-03 9.990661e-01 -4.312643e-02 -3.116233e-01 2.946519e-01 4.199497e-02 9.546815e-01 1.316509e+01
9.538162e-01 -1.113524e-02 -3.001845e-01 -2.658136e+00 -4.353667e-03 9.986953e-01 -5.087973e-02 -3.466834e-01 3.003594e-01 4.983681e-02 9.525232e-01 1.376809e+01
9.524524e-01 -1.205143e-02 -3.044490e-01 -2.866429e+00 -6.169752e-03 9.982497e-01 -5.881685e-02 -3.898424e-01 3.046250e-01 5.789863e-02 9.507110e-01 1.439366e+01
9.510704e-01 -1.234800e-02 -3.087273e-01 -3.076085e+00 -8.962185e-03 9.976782e-01 -6.751264e-02 -4.364308e-01 3.088442e-01 6.697615e-02 9.487515e-01 1.502611e+01
9.496695e-01 -1.205484e-02 -3.130215e-01 -3.299597e+00 -1.250880e-02 9.970029e-01 -7.634601e-02 -4.895882e-01 3.130037e-01 7.641901e-02 9.466725e-01 1.566886e+01
9.482756e-01 -1.140395e-02 -3.172433e-01 -3.530756e+00 -1.592653e-02 9.963869e-01 -8.342332e-02 -5.462793e-01 3.170484e-01 8.416089e-02 9.446678e-01 1.632956e+01
9.466391e-01 -8.823475e-03 -3.221748e-01 -3.762527e+00 -2.141270e-02 9.956947e-01 -9.018578e-02 -6.172950e-01 3.215835e-01 9.227201e-02 9.423746e-01 1.698745e+01
9.449695e-01 -7.664902e-03 -3.270688e-01 -4.004698e+00 -2.517951e-02 9.950562e-01 -9.606810e-02 -6.839999e-01 3.261882e-01 9.901685e-02 9.401047e-01 1.765617e+01
9.432420e-01 -5.820535e-03 -3.320553e-01 -4.259924e+00 -2.957142e-02 9.944029e-01 -1.014318e-01 -7.591960e-01 3.307871e-01 1.054941e-01 9.377904e-01 1.833590e+01
9.414738e-01 -3.004373e-03 -3.370727e-01 -4.524975e+00 -3.431291e-02 9.939120e-01 -1.046979e-01 -8.389024e-01 3.353351e-01 1.101362e-01 9.356390e-01 1.902934e+01
9.396416e-01 -2.117029e-03 -3.421538e-01 -4.793356e+00 -3.643490e-02 9.936762e-01 -1.062078e-01 -9.173136e-01 3.402149e-01 1.122636e-01 9.336224e-01 1.973046e+01
9.373969e-01 -1.794750e-03 -3.482582e-01 -5.069782e+00 -3.726484e-02 9.937287e-01 -1.054259e-01 -1.003417e+00 3.462634e-01 1.118037e-01 9.314513e-01 2.044602e+01
9.350582e-01 -1.179866e-03 -3.544923e-01 -5.353259e+00 -3.820797e-02 9.938337e-01 -1.040905e-01 -1.090474e+00 3.524292e-01 1.108751e-01 9.292472e-01 2.117027e+01
9.324803e-01 -1.146871e-03 -3.612189e-01 -5.654224e+00 -3.842606e-02 9.940058e-01 -1.023522e-01 -1.181205e+00 3.591710e-01 1.093216e-01 9.268468e-01 2.190412e+01
9.292163e-01 -5.673069e-04 -3.695360e-01 -5.951825e+00 -3.886535e-02 9.943027e-01 -9.925527e-02 -1.265608e+00 3.674869e-01 1.065918e-01 9.239002e-01 2.263633e+01
9.258651e-01 1.250739e-03 -3.778523e-01 -6.276177e+00 -3.954408e-02 9.948239e-01 -9.360330e-02 -1.352661e+00 3.757794e-01 1.016058e-01 9.211222e-01 2.339350e+01
9.223254e-01 4.740063e-03 -3.863850e-01 -6.613056e+00 -4.223792e-02 9.951699e-01 -8.861611e-02 -1.435317e+00 3.840987e-01 9.805299e-02 9.180707e-01 2.415173e+01
9.187067e-01 8.623850e-03 -3.948464e-01 -6.955877e+00 -4.569068e-02 9.953694e-01 -8.457065e-02 -1.517660e+00 3.922887e-01 9.573642e-02 9.148465e-01 2.490579e+01
9.148347e-01 9.749205e-03 -4.037108e-01 -7.306978e+00 -4.716675e-02 9.954457e-01 -8.284391e-02 -1.597897e+00 4.010645e-01 9.483021e-02 9.111282e-01 2.566871e+01
9.108091e-01 1.007507e-02 -4.127048e-01 -7.668260e+00 -4.834445e-02 9.954267e-01 -8.239199e-02 -1.674323e+00 4.099873e-01 9.499536e-02 9.071308e-01 2.643861e+01
9.069359e-01 1.056852e-02 -4.211360e-01 -8.046331e+00 -4.934581e-02 9.954684e-01 -8.128696e-02 -1.755273e+00 4.183685e-01 9.450337e-02 9.033476e-01 2.721746e+01
9.029965e-01 1.197928e-02 -4.294809e-01 -8.436618e+00 -5.114470e-02 9.955007e-01 -7.976630e-02 -1.832016e+00 4.265930e-01 9.399436e-02 8.995463e-01 2.800032e+01
8.991898e-01 1.144389e-02 -4.374091e-01 -8.854386e+00 -5.042058e-02 9.957088e-01 -7.759987e-02 -1.909996e+00 4.346440e-01 9.183143e-02 8.959082e-01 2.880767e+01
8.953247e-01 1.236075e-02 -4.452425e-01 -9.273924e+00 -5.037704e-02 9.960109e-01 -7.365058e-02 -1.985955e+00 4.425560e-01 8.837118e-02 8.923759e-01 2.961124e+01
8.915481e-01 1.486189e-02 -4.526821e-01 -9.692918e+00 -5.116181e-02 9.963692e-01 -6.805059e-02 -2.059530e+00 4.500272e-01 8.383041e-02 8.890714e-01 3.041390e+01
8.877563e-01 1.543960e-02 -4.600548e-01 -1.014458e+01 -5.049236e-02 9.966727e-01 -6.398517e-02 -2.135097e+00 4.575361e-01 8.003249e-02 8.855820e-01 3.123445e+01
8.841166e-01 1.482821e-02 -4.670311e-01 -1.059487e+01 -4.960529e-02 9.968267e-01 -6.225647e-02 -2.202544e+00 4.646259e-01 7.820918e-02 8.820466e-01 3.205272e+01
8.808849e-01 1.441133e-02 -4.731111e-01 -1.107404e+01 -4.930826e-02 9.968920e-01 -6.144089e-02 -2.263891e+00 4.707552e-01 7.745063e-02 8.788577e-01 3.289258e+01
8.778771e-01 1.597345e-02 -4.786195e-01 -1.156817e+01 -5.075342e-02 9.969181e-01 -5.982004e-02 -2.332020e+00 4.761889e-01 7.680622e-02 8.759823e-01 3.373505e+01
8.749831e-01 1.538671e-02 -4.839088e-01 -1.206345e+01 -5.007162e-02 9.970111e-01 -5.883567e-02 -2.399913e+00 4.815572e-01 7.571032e-02 8.731384e-01 3.458832e+01
8.725317e-01 1.491467e-02 -4.883298e-01 -1.258948e+01 -5.006353e-02 9.970018e-01 -5.900125e-02 -2.472134e+00 4.859856e-01 7.592797e-02 8.706623e-01 3.545630e+01
8.706138e-01 1.491548e-02 -4.917410e-01 -1.312283e+01 -5.080177e-02 9.969225e-01 -5.970449e-02 -2.541423e+00 4.893371e-01 7.696087e-02 8.686922e-01 3.633695e+01
8.692437e-01 1.561568e-02 -4.941372e-01 -1.363679e+01 -5.216202e-02 9.968190e-01 -6.025754e-02 -2.611995e+00 4.916244e-01 7.815368e-02 8.672932e-01 3.721472e+01
8.688152e-01 1.605420e-02 -4.948761e-01 -1.415856e+01 -5.230758e-02 9.968573e-01 -5.949342e-02 -2.683227e+00 4.923657e-01 7.757456e-02 8.669245e-01 3.809909e+01
8.686903e-01 1.663994e-02 -4.950760e-01 -1.469322e+01 -5.215703e-02 9.969526e-01 -5.800943e-02 -2.755600e+00 4.926020e-01 7.621393e-02 8.669110e-01 3.900431e+01
8.683202e-01 1.573159e-02 -4.957546e-01 -1.520324e+01 -5.097887e-02 9.970343e-01 -5.765160e-02 -2.828921e+00 4.933774e-01 7.533306e-02 8.665470e-01 3.990075e+01
8.676568e-01 1.378810e-02 -4.969724e-01 -1.572692e+01 -4.936553e-02 9.970647e-01 -5.852379e-02 -2.903105e+00 4.947067e-01 7.531187e-02 8.657906e-01 4.081102e+01
8.665639e-01 1.240394e-02 -4.989120e-01 -1.625302e+01 -4.823962e-02 9.970919e-01 -5.899809e-02 -2.987124e+00 4.967293e-01 7.519294e-02 8.646422e-01 4.172799e+01
8.649870e-01 1.243060e-02 -5.016403e-01 -1.679751e+01 -4.746430e-02 9.972377e-01 -5.713206e-02 -3.062026e+00 4.995445e-01 7.322849e-02 8.631876e-01 4.266062e+01
8.628699e-01 1.352898e-02 -5.052451e-01 -1.734074e+01 -4.676702e-02 9.974903e-01 -5.316000e-02 -3.140943e+00 5.032578e-01 6.949896e-02 8.613370e-01 4.358436e+01
8.600380e-01 1.339329e-02 -5.100542e-01 -1.789077e+01 -4.470958e-02 9.977884e-01 -4.918746e-02 -3.213562e+00 5.082674e-01 6.510739e-02 8.587347e-01 4.450404e+01
8.559873e-01 1.367644e-02 -5.168159e-01 -1.844044e+01 -4.441439e-02 9.978997e-01 -4.715498e-02 -3.288561e+00 5.150855e-01 6.331812e-02 8.547969e-01 4.541767e+01
8.506892e-01 1.014633e-02 -5.255711e-01 -1.900004e+01 -4.233992e-02 9.978878e-01 -4.926680e-02 -3.359518e+00 5.239611e-01 6.416337e-02 8.493220e-01 4.632645e+01
8.445546e-01 6.447855e-03 -5.354307e-01 -1.956324e+01 -4.085646e-02 9.977885e-01 -5.242867e-02 -3.424372e+00 5.339085e-01 6.615467e-02 8.429503e-01 4.722286e+01
8.382762e-01 6.408139e-03 -5.452082e-01 -2.013516e+01 -4.119522e-02 9.978172e-01 -5.161115e-02 -3.493779e+00 5.436874e-01 6.572437e-02 8.367104e-01 4.810887e+01
8.323912e-01 9.650310e-03 -5.541045e-01 -2.074146e+01 -4.243815e-02 9.980224e-01 -4.637017e-02 -3.557154e+00 5.525612e-01 6.211329e-02 8.311546e-01 4.900949e+01
8.270875e-01 1.433914e-02 -5.618903e-01 -2.135586e+01 -4.573144e-02 9.980770e-01 -4.184506e-02 -3.619861e+00 5.602097e-01 6.030558e-02 8.261527e-01 4.989881e+01
8.231078e-01 1.484878e-02 -5.676910e-01 -2.198409e+01 -4.789392e-02 9.979117e-01 -4.334063e-02 -3.685722e+00 5.658619e-01 6.286296e-02 8.221001e-01 5.078536e+01
8.197520e-01 1.322708e-02 -5.725659e-01 -2.261944e+01 -4.933236e-02 9.976483e-01 -4.758286e-02 -3.752350e+00 5.705901e-01 6.725217e-02 8.184767e-01 5.167642e+01
8.166932e-01 1.143996e-02 -5.769586e-01 -2.324658e+01 -5.257045e-02 9.971211e-01 -5.464326e-02 -3.820998e+00 5.746725e-01 7.495775e-02 8.149435e-01 5.254592e+01
8.134403e-01 1.040550e-02 -5.815554e-01 -2.388260e+01 -5.283977e-02 9.970277e-01 -5.606933e-02 -3.894225e+00 5.792434e-01 7.633830e-02 8.115723e-01 5.342202e+01
8.100567e-01 1.221665e-02 -5.862243e-01 -2.451433e+01 -5.278492e-02 9.972429e-01 -5.215719e-02 -3.962694e+00 5.839708e-01 7.319408e-02 8.084681e-01 5.429076e+01
8.069965e-01 1.540350e-02 -5.903552e-01 -2.515848e+01 -5.336253e-02 9.974723e-01 -4.691888e-02 -4.036964e+00 5.881403e-01 6.936623e-02 8.057787e-01 5.515022e+01
8.039900e-01 1.765495e-02 -5.943806e-01 -2.580877e+01 -5.449237e-02 9.975408e-01 -4.407914e-02 -4.099274e+00 5.921407e-01 6.782840e-02 8.029749e-01 5.601209e+01
8.008544e-01 1.829629e-02 -5.985796e-01 -2.645712e+01 -5.611533e-02 9.974281e-01 -4.459052e-02 -4.163341e+00 5.962242e-01 6.930000e-02 7.998213e-01 5.686271e+01
7.973065e-01 1.754488e-02 -6.033195e-01 -2.711560e+01 -5.709112e-02 9.972880e-01 -4.644607e-02 -4.228111e+00 6.008684e-01 7.147595e-02 7.961459e-01 5.772120e+01
7.933050e-01 1.499376e-02 -6.086397e-01 -2.777426e+01 -5.646375e-02 9.972001e-01 -4.902934e-02 -4.294402e+00 6.062004e-01 7.326131e-02 7.919304e-01 5.857391e+01
7.890330e-01 1.393880e-02 -6.141926e-01 -2.844543e+01 -5.596555e-02 9.972165e-01 -4.926576e-02 -4.362698e+00 6.117963e-01 7.324594e-02 7.876168e-01 5.942613e+01
7.844722e-01 1.394485e-02 -6.200072e-01 -2.912215e+01 -5.586718e-02 9.972714e-01 -4.825662e-02 -4.431590e+00 6.176425e-01 7.249403e-02 7.831107e-01 6.027274e+01
7.795411e-01 1.452147e-02 -6.261827e-01 -2.981330e+01 -5.665981e-02 9.972673e-01 -4.740925e-02 -4.496268e+00 6.237831e-01 7.243685e-02 7.782336e-01 6.111922e+01
7.741703e-01 1.336537e-02 -6.328363e-01 -3.050769e+01 -5.673744e-02 9.972178e-01 -4.834783e-02 -4.562232e+00 6.304294e-01 7.333497e-02 7.727747e-01 6.195968e+01
7.688429e-01 1.242976e-02 -6.393168e-01 -3.121102e+01 -5.692056e-02 9.971723e-01 -4.906542e-02 -4.630760e+00 6.368992e-01 7.411388e-02 7.673764e-01 6.279078e+01
7.632664e-01 1.142632e-02 -6.459828e-01 -3.192788e+01 -5.708446e-02 9.971260e-01 -4.981120e-02 -4.700404e+00 6.435571e-01 7.489480e-02 7.617251e-01 6.362277e+01
7.575749e-01 1.005420e-02 -6.526708e-01 -3.264865e+01 -5.698737e-02 9.970823e-01 -5.078723e-02 -4.767602e+00 6.502558e-01 7.566912e-02 7.559375e-01 6.444777e+01
7.516122e-01 8.801048e-03 -6.595465e-01 -3.337482e+01 -5.713046e-02 9.970220e-01 -5.180092e-02 -4.838520e+00 6.571265e-01 7.661440e-02 7.498767e-01 6.526516e+01
7.454875e-01 7.840162e-03 -6.664735e-01 -3.412203e+01 -5.676758e-02 9.970443e-01 -5.176880e-02 -4.907606e+00 6.640978e-01 7.642708e-02 7.437291e-01 6.609209e+01
7.392394e-01 8.198959e-03 -6.733928e-01 -3.488605e+01 -5.654217e-02 9.971509e-01 -4.993014e-02 -4.979085e+00 6.710649e-01 7.498542e-02 7.375968e-01 6.691891e+01
7.328800e-01 8.099909e-03 -6.803097e-01 -3.567402e+01 -5.643661e-02 9.972067e-01 -4.892474e-02 -5.054576e+00 6.780132e-01 7.425033e-02 7.312900e-01 6.774191e+01
7.266706e-01 7.350465e-03 -6.869467e-01 -3.647025e+01 -5.719885e-02 9.971181e-01 -4.983711e-02 -5.132585e+00 6.846007e-01 7.550773e-02 7.249968e-01 6.855892e+01
7.203097e-01 6.117425e-03 -6.936257e-01 -3.730130e+01 -5.794941e-02 9.969962e-01 -5.138574e-02 -5.206871e+00 6.912278e-01 7.720884e-02 7.185005e-01 6.938631e+01
7.143099e-01 7.130704e-03 -6.997932e-01 -3.811922e+01 -6.003741e-02 9.968860e-01 -5.112484e-02 -5.277443e+00 6.972495e-01 7.853275e-02 7.125137e-01 7.019268e+01
7.089415e-01 8.598909e-03 -7.052149e-01 -3.893277e+01 -6.196564e-02 9.968181e-01 -5.013857e-02 -5.357817e+00 7.025398e-01 7.924441e-02 7.072186e-01 7.099703e+01
7.039856e-01 8.941845e-03 -7.101580e-01 -3.978017e+01 -6.292817e-02 9.967733e-01 -4.983051e-02 -5.427325e+00 7.074209e-01 7.976890e-02 7.022767e-01 7.180689e+01
6.992174e-01 8.071780e-03 -7.148635e-01 -4.061826e+01 -6.331915e-02 9.967057e-01 -5.067914e-02 -5.501023e+00 7.120995e-01 8.070029e-02 6.974251e-01 7.260391e+01
6.939421e-01 6.441394e-03 -7.200020e-01 -4.145123e+01 -6.446577e-02 9.964999e-01 -5.321744e-02 -5.574585e+00 7.171392e-01 8.334531e-02 6.919285e-01 7.339518e+01
6.889701e-01 4.123175e-03 -7.247780e-01 -4.230953e+01 -6.438145e-02 9.963790e-01 -5.553238e-02 -5.653323e+00 7.219247e-01 8.492241e-02 6.867408e-01 7.418978e+01
6.838909e-01 3.811386e-03 -7.295743e-01 -4.317789e+01 -6.529816e-02 9.962929e-01 -5.600465e-02 -5.731080e+00 7.266563e-01 8.594094e-02 6.816045e-01 7.498303e+01
6.790019e-01 4.291813e-03 -7.341239e-01 -4.404682e+01 -6.505087e-02 9.964012e-01 -5.434137e-02 -5.810395e+00 7.312488e-01 8.465329e-02 6.768375e-01 7.577613e+01
6.738606e-01 4.343210e-03 -7.388457e-01 -4.492561e+01 -6.468930e-02 9.964895e-01 -5.314182e-02 -5.889763e+00 7.360212e-01 8.360559e-02 6.717760e-01 7.656648e+01
6.687367e-01 3.168286e-03 -7.434925e-01 -4.581502e+01 -6.408753e-02 9.965147e-01 -5.339723e-02 -5.968199e+00 7.407320e-01 8.335729e-02 6.666090e-01 7.735046e+01
6.641427e-01 2.143631e-03 -7.476028e-01 -4.673767e+01 -6.345555e-02 9.965489e-01 -5.351413e-02 -6.045749e+00 7.449080e-01 8.298056e-02 6.619867e-01 7.813898e+01
6.596943e-01 1.391850e-03 -7.515327e-01 -4.764519e+01 -6.256980e-02 9.966282e-01 -5.307791e-02 -6.122422e+00 7.489248e-01 8.203845e-02 6.575570e-01 7.892382e+01
6.558197e-01 6.636296e-04 -7.549172e-01 -4.856663e+01 -6.203353e-02 9.966651e-01 -5.301428e-02 -6.201609e+00 7.523645e-01 8.159799e-02 6.536738e-01 7.970445e+01
6.520107e-01 -2.134795e-03 -7.582067e-01 -4.948871e+01 -5.951279e-02 9.967668e-01 -5.398379e-02 -6.286405e+00 7.558705e-01 8.032101e-02 6.497756e-01 8.048111e+01
6.479714e-01 -6.844117e-03 -7.616339e-01 -5.041589e+01 -5.658883e-02 9.967634e-01 -5.710081e-02 -6.366515e+00 7.595596e-01 8.009966e-02 6.454869e-01 8.125676e+01
6.432673e-01 -1.109054e-02 -7.655613e-01 -5.135023e+01 -5.238278e-02 9.969146e-01 -5.845705e-02 -6.449266e+00 7.638476e-01 7.770574e-02 6.407017e-01 8.203346e+01
6.367020e-01 -1.500674e-02 -7.709639e-01 -5.227207e+01 -4.703843e-02 9.971928e-01 -5.825703e-02 -6.530908e+00 7.696740e-01 7.335730e-02 6.342087e-01 8.279483e+01
6.282323e-01 -1.903994e-02 -7.777928e-01 -5.321468e+01 -4.191652e-02 9.974203e-01 -5.827276e-02 -6.615461e+00 7.768959e-01 6.921120e-02 6.258136e-01 8.356386e+01
6.192406e-01 -2.027231e-02 -7.849396e-01 -5.418620e+01 -3.909479e-02 9.976308e-01 -5.660737e-02 -6.696282e+00 7.842274e-01 6.574063e-02 6.169809e-01 8.432730e+01
6.103660e-01 -1.854596e-02 -7.919024e-01 -5.516161e+01 -3.946812e-02 9.977721e-01 -5.378774e-02 -6.781208e+00 7.911357e-01 6.408511e-02 6.082742e-01 8.507568e+01
6.013407e-01 -1.822192e-02 -7.987849e-01 -5.616834e+01 -4.062864e-02 9.977492e-01 -5.334672e-02 -6.863700e+00 7.979591e-01 6.453310e-02 5.992468e-01 8.581473e+01
5.916955e-01 -1.955515e-02 -8.059243e-01 -5.719102e+01 -4.196020e-02 9.976036e-01 -5.501254e-02 -6.940989e+00 8.050688e-01 6.636742e-02 5.894570e-01 8.654656e+01
5.817146e-01 -2.148403e-02 -8.131092e-01 -5.820801e+01 -4.226678e-02 9.975022e-01 -5.659457e-02 -7.028442e+00 8.122940e-01 6.728939e-02 5.793536e-01 8.726745e+01
5.717772e-01 -2.285622e-02 -8.200905e-01 -5.925104e+01 -4.247476e-02 9.974466e-01 -5.741313e-02 -7.119242e+00 8.193087e-01 6.766067e-02 5.693464e-01 8.799212e+01
5.617211e-01 -2.324182e-02 -8.270001e-01 -6.032359e+01 -4.044614e-02 9.976386e-01 -5.550953e-02 -7.212505e+00 8.263374e-01 6.462984e-02 5.594546e-01 8.871286e+01
5.514682e-01 -2.302516e-02 -8.338781e-01 -6.138372e+01 -3.997823e-02 9.977409e-01 -5.398855e-02 -7.301063e+00 8.332374e-01 6.310993e-02 5.493019e-01 8.940830e+01
5.409861e-01 -2.349020e-02 -8.407034e-01 -6.245942e+01 -4.033175e-02 9.977352e-01 -5.383101e-02 -7.389855e+00 8.400639e-01 6.302887e-02 5.388135e-01 9.009393e+01
5.307304e-01 -2.445546e-02 -8.471878e-01 -6.352850e+01 -4.142374e-02 9.976405e-01 -5.474890e-02 -7.474580e+00 8.465278e-01 6.415059e-02 5.284651e-01 9.075392e+01
5.205134e-01 -2.484876e-02 -8.534918e-01 -6.460100e+01 -4.356243e-02 9.975019e-01 -5.560864e-02 -7.554032e+00 8.527415e-01 6.612522e-02 5.181307e-01 9.140287e+01
5.104335e-01 -2.578640e-02 -8.595305e-01 -6.568720e+01 -4.491394e-02 9.973865e-01 -5.659437e-02 -7.644062e+00 8.587435e-01 6.749256e-02 5.079413e-01 9.204342e+01
5.007244e-01 -2.543951e-02 -8.652328e-01 -6.677987e+01 -4.653157e-02 9.973317e-01 -5.625205e-02 -7.732056e+00 8.643552e-01 6.842741e-02 4.982046e-01 9.266868e+01
4.921307e-01 -2.291980e-02 -8.702195e-01 -6.791452e+01 -4.848661e-02 9.973798e-01 -5.368932e-02 -7.823975e+00 8.691700e-01 6.861616e-02 4.897299e-01 9.329091e+01
4.840775e-01 -2.108186e-02 -8.747712e-01 -6.903051e+01 -4.895820e-02 9.974912e-01 -5.113170e-02 -7.906819e+00 8.736545e-01 6.757893e-02 4.818309e-01 9.390673e+01
4.761788e-01 -2.122612e-02 -8.790923e-01 -7.015599e+01 -4.927300e-02 9.974939e-01 -5.077474e-02 -7.990241e+00 8.779669e-01 6.749336e-02 4.739396e-01 9.451493e+01
4.686389e-01 -2.416973e-02 -8.830591e-01 -7.128572e+01 -4.806330e-02 9.974474e-01 -5.280775e-02 -8.072904e+00 8.820813e-01 6.719050e-02 4.662810e-01 9.510824e+01
4.616748e-01 -2.785120e-02 -8.866119e-01 -7.241492e+01 -4.534601e-02 9.974591e-01 -5.494574e-02 -8.154364e+00 8.858894e-01 6.557138e-02 4.592388e-01 9.569590e+01
4.557445e-01 -3.032484e-02 -8.895939e-01 -7.355465e+01 -4.513642e-02 9.973464e-01 -5.712161e-02 -8.243878e+00 8.889655e-01 6.618595e-02 4.531663e-01 9.626862e+01
4.504113e-01 -3.378544e-02 -8.921817e-01 -7.469907e+01 -4.362171e-02 9.972576e-01 -5.978659e-02 -8.337117e+00 8.917549e-01 6.584705e-02 4.477024e-01 9.683910e+01
4.455594e-01 -3.469313e-02 -8.945799e-01 -7.584612e+01 -4.115062e-02 9.973990e-01 -5.917631e-02 -8.428128e+00 8.943062e-01 6.317907e-02 4.429728e-01 9.740928e+01
4.413665e-01 -3.212557e-02 -8.967517e-01 -7.699486e+01 -3.989434e-02 9.976682e-01 -5.537619e-02 -8.519565e+00 8.964396e-01 6.021651e-02 4.390557e-01 9.797211e+01
4.378195e-01 -3.003917e-02 -8.985609e-01 -7.814174e+01 -3.758001e-02 9.979568e-01 -5.167269e-02 -8.609342e+00 8.982771e-01 5.639124e-02 4.357961e-01 9.852541e+01
4.344234e-01 -2.959037e-02 -9.002226e-01 -7.930327e+01 -3.618147e-02 9.980802e-01 -5.026716e-02 -8.692069e+00 8.999818e-01 5.440860e-02 4.325187e-01 9.907910e+01
4.314793e-01 -2.950405e-02 -9.016403e-01 -8.045126e+01 -3.519535e-02 9.981536e-01 -4.950492e-02 -8.769973e+00 9.014360e-01 5.309389e-02 4.296442e-01 9.962659e+01
4.288481e-01 -2.882168e-02 -9.029167e-01 -8.159927e+01 -3.379850e-02 9.982793e-01 -4.791860e-02 -8.845967e+00 9.027441e-01 5.106704e-02 4.271360e-01 1.001758e+02
4.264969e-01 -2.800001e-02 -9.040555e-01 -8.276147e+01 -3.266590e-02 9.983918e-01 -4.633221e-02 -8.921089e+00 9.038989e-01 4.929233e-02 4.248964e-01 1.007191e+02
4.246592e-01 -2.893595e-02 -9.048907e-01 -8.392387e+01 -3.080850e-02 9.984484e-01 -4.638589e-02 -8.999986e+00 9.048289e-01 4.757652e-02 4.231089e-01 1.012466e+02
4.228601e-01 -2.952238e-02 -9.057139e-01 -8.508876e+01 -2.870467e-02 9.985313e-01 -4.594948e-02 -9.074869e+00 9.057402e-01 4.542842e-02 4.213916e-01 1.017656e+02
4.211597e-01 -2.930033e-02 -9.065131e-01 -8.625142e+01 -2.527794e-02 9.987106e-01 -4.402429e-02 -9.144474e+00 9.066342e-01 4.145604e-02 4.198760e-01 1.022778e+02
4.187676e-01 -2.888232e-02 -9.076340e-01 -8.733600e+01 -2.363018e-02 9.988090e-01 -4.268624e-02 -9.211328e+00 9.077859e-01 3.932317e-02 4.175864e-01 1.027886e+02
4.168276e-01 -3.073729e-02 -9.084657e-01 -8.844648e+01 -2.089016e-02 9.988402e-01 -4.337999e-02 -9.278717e+00 9.087455e-01 3.705997e-02 4.157020e-01 1.032968e+02
4.150906e-01 -3.267382e-02 -9.091932e-01 -8.952578e+01 -1.897000e-02 9.988268e-01 -4.455572e-02 -9.346287e+00 9.095823e-01 3.574205e-02 4.139838e-01 1.037987e+02
4.146198e-01 -3.360826e-02 -9.093739e-01 -9.059298e+01 -1.940557e-02 9.987640e-01 -4.575967e-02 -9.429649e+00 9.097878e-01 3.661979e-02 4.134551e-01 1.042780e+02
4.147476e-01 -3.398833e-02 -9.093015e-01 -9.163892e+01 -2.088808e-02 9.986832e-01 -4.685669e-02 -9.510007e+00 9.096967e-01 3.842726e-02 4.134915e-01 1.047561e+02
4.169010e-01 -3.411934e-02 -9.083113e-01 -9.269083e+01 -2.285476e-02 9.985858e-01 -4.800035e-02 -9.579940e+00 9.086645e-01 4.077063e-02 4.155316e-01 1.052266e+02
4.211711e-01 -3.437362e-02 -9.063296e-01 -9.375301e+01 -2.520345e-02 9.984521e-01 -4.957951e-02 -9.658701e+00 9.066310e-01 4.372409e-02 4.196528e-01 1.057028e+02
4.261069e-01 -3.487118e-02 -9.040005e-01 -9.477279e+01 -2.690830e-02 9.983262e-01 -5.119315e-02 -9.735509e+00 9.042726e-01 4.613887e-02 4.244554e-01 1.061746e+02
4.318715e-01 -3.536586e-02 -9.012415e-01 -9.579085e+01 -2.717351e-02 9.982672e-01 -5.219471e-02 -9.804298e+00 9.015257e-01 4.703131e-02 4.301621e-01 1.066534e+02
4.388038e-01 -3.433726e-02 -8.979266e-01 -9.680936e+01 -2.849435e-02 9.982354e-01 -5.209790e-02 -9.879295e+00 8.981310e-01 4.844659e-02 4.370510e-01 1.071371e+02
4.468478e-01 -3.262022e-02 -8.940151e-01 -9.780812e+01 -3.069760e-02 9.981874e-01 -5.176450e-02 -9.959601e+00 8.940832e-01 5.057497e-02 4.450364e-01 1.076276e+02
4.553357e-01 -3.203680e-02 -8.897433e-01 -9.879615e+01 -3.139528e-02 9.981531e-01 -5.200716e-02 -1.003612e+01 8.897661e-01 5.161446e-02 4.534889e-01 1.081304e+02
4.646196e-01 -3.138094e-02 -8.849541e-01 -9.977994e+01 -3.273548e-02 9.980801e-01 -5.257926e-02 -1.011229e+01 8.849051e-01 5.339876e-02 4.627003e-01 1.086393e+02
4.739991e-01 -3.219154e-02 -8.799367e-01 -1.007438e+02 -3.383856e-02 9.979273e-01 -5.473605e-02 -1.018980e+01 8.798749e-01 5.572063e-02 4.719273e-01 1.091604e+02
4.843692e-01 -3.349250e-02 -8.742223e-01 -1.017123e+02 -3.621913e-02 9.976425e-01 -5.828834e-02 -1.026715e+01 8.741136e-01 5.989665e-02 4.820143e-01 1.096850e+02
4.954668e-01 -3.462364e-02 -8.679366e-01 -1.026592e+02 -3.773427e-02 9.974041e-01 -6.132917e-02 -1.034629e+01 8.678069e-01 6.313752e-02 4.928741e-01 1.102238e+02
5.076624e-01 -3.298553e-02 -8.609244e-01 -1.036138e+02 -4.017164e-02 9.972737e-01 -6.189769e-02 -1.042602e+01 8.606190e-01 6.600788e-02 5.049533e-01 1.107751e+02
5.201103e-01 -3.002818e-02 -8.535711e-01 -1.045468e+02 -4.231084e-02 9.972489e-01 -6.086414e-02 -1.051180e+01 8.530504e-01 6.777138e-02 5.174089e-01 1.113419e+02
5.320382e-01 -2.750997e-02 -8.462733e-01 -1.054630e+02 -4.312056e-02 9.972948e-01 -5.952845e-02 -1.059811e+01 8.456216e-01 6.816319e-02 5.294127e-01 1.119190e+02
5.434213e-01 -2.736404e-02 -8.390140e-01 -1.063808e+02 -4.303729e-02 9.972461e-01 -6.039954e-02 -1.067660e+01 8.383562e-01 6.893128e-02 5.407471e-01 1.125176e+02
5.544799e-01 -2.804791e-02 -8.317243e-01 -1.072770e+02 -4.284814e-02 9.971440e-01 -6.219157e-02 -1.075626e+01 8.310933e-01 7.012181e-02 5.516946e-01 1.131186e+02
5.652841e-01 -2.889055e-02 -8.243902e-01 -1.081661e+02 -4.295240e-02 9.969999e-01 -6.439206e-02 -1.084543e+01 8.237772e-01 7.180934e-02 5.623473e-01 1.137274e+02
5.759010e-01 -3.050815e-02 -8.169500e-01 -1.090270e+02 -4.104534e-02 9.969641e-01 -6.616510e-02 -1.093474e+01 8.164884e-01 7.163654e-02 5.729004e-01 1.143398e+02
5.863941e-01 -3.017743e-02 -8.094636e-01 -1.098750e+02 -4.095823e-02 9.969229e-01 -6.683714e-02 -1.102528e+01 8.089897e-01 7.234710e-02 5.833537e-01 1.149545e+02
5.966982e-01 -2.769457e-02 -8.019877e-01 -1.107119e+02 -4.217114e-02 9.969411e-01 -6.580313e-02 -1.111517e+01 8.013569e-01 7.308534e-02 5.937050e-01 1.155804e+02
6.058595e-01 -2.205880e-02 -7.952658e-01 -1.115235e+02 -4.286501e-02 9.972584e-01 -6.031757e-02 -1.123414e+01 7.944161e-01 7.063304e-02 6.032529e-01 1.162235e+02
6.158135e-01 -2.022208e-02 -7.876324e-01 -1.123652e+02 -4.465832e-02 9.971676e-01 -6.051808e-02 -1.132181e+01 7.866253e-01 7.244219e-02 6.131662e-01 1.168754e+02
6.261763e-01 -1.933472e-02 -7.794417e-01 -1.131831e+02 -4.744468e-02 9.968950e-01 -6.284424e-02 -1.138136e+01 7.782366e-01 7.633194e-02 6.233147e-01 1.174768e+02
6.354036e-01 -1.940038e-02 -7.719365e-01 -1.139495e+02 -4.832429e-02 9.967258e-01 -6.482694e-02 -1.146716e+01 7.706666e-01 7.849455e-02 6.323856e-01 1.181046e+02
6.437101e-01 -1.874460e-02 -7.650398e-01 -1.147311e+02 -4.855244e-02 9.966856e-01 -6.527264e-02 -1.156771e+01 7.637276e-01 7.916121e-02 6.406665e-01 1.188264e+02
6.528037e-01 -1.666736e-02 -7.573437e-01 -1.155500e+02 -4.926524e-02 9.967074e-01 -6.440009e-02 -1.164846e+01 7.559235e-01 7.935134e-02 6.498331e-01 1.195263e+02
6.607907e-01 -1.558040e-02 -7.504085e-01 -1.162867e+02 -4.852282e-02 9.968064e-01 -6.342421e-02 -1.172700e+01 7.490002e-01 7.832206e-02 6.579243e-01 1.202109e+02
6.690733e-01 -1.534669e-02 -7.430379e-01 -1.170378e+02 -4.764424e-02 9.968445e-01 -6.349037e-02 -1.180325e+01 7.416677e-01 7.788119e-02 6.662309e-01 1.208669e+02
6.767577e-01 -1.487430e-02 -7.360556e-01 -1.177787e+02 -4.833458e-02 9.967411e-01 -6.458292e-02 -1.187709e+01 7.346175e-01 7.928392e-02 6.738332e-01 1.215444e+02
6.843691e-01 -1.434795e-02 -7.289946e-01 -1.184699e+02 -4.826208e-02 9.967224e-01 -6.492502e-02 -1.195534e+01 7.275368e-01 7.961547e-02 6.814335e-01 1.221722e+02
6.912671e-01 -1.160578e-02 -7.225061e-01 -1.191886e+02 -4.923254e-02 9.967911e-01 -6.311557e-02 -1.202711e+01 7.209202e-01 7.920053e-02 6.884776e-01 1.228744e+02
6.988737e-01 -7.822988e-03 -7.152023e-01 -1.198631e+02 -5.140203e-02 9.968053e-01 -6.113169e-02 -1.211238e+01 7.133956e-01 7.948619e-02 6.962389e-01 1.235236e+02
7.060780e-01 -6.328895e-03 -7.081058e-01 -1.205586e+02 -5.236577e-02 9.967555e-01 -6.112459e-02 -1.218738e+01 7.061952e-01 8.023923e-02 7.034557e-01 1.241993e+02
7.133714e-01 -5.542261e-03 -7.007643e-01 -1.212207e+02 -5.296413e-02 9.966823e-01 -6.179962e-02 -1.225120e+01 6.987819e-01 8.120145e-02 7.107111e-01 1.248951e+02
7.211409e-01 -2.523889e-03 -6.927838e-01 -1.218732e+02 -5.561111e-02 9.965555e-01 -6.151795e-02 -1.232197e+01 6.905528e-01 8.288959e-02 7.185166e-01 1.255837e+02
7.298960e-01 1.275700e-03 -6.835570e-01 -1.225092e+02 -5.711254e-02 9.966155e-01 -5.912430e-02 -1.241393e+01 6.811681e-01 8.219427e-02 7.274985e-01 1.262708e+02
7.391658e-01 5.426270e-03 -6.735017e-01 -1.231591e+02 -5.921378e-02 9.966191e-01 -5.695736e-02 -1.249240e+01 6.709155e-01 8.198152e-02 7.369880e-01 1.269957e+02
7.494837e-01 7.449513e-03 -6.619809e-01 -1.237359e+02 -6.061419e-02 9.965088e-01 -5.741230e-02 -1.254022e+01 6.592420e-01 8.315502e-02 7.473187e-01 1.276376e+02
7.593859e-01 8.735670e-03 -6.505819e-01 -1.243081e+02 -6.232182e-02 9.962889e-01 -5.936694e-02 -1.260413e+01 6.476489e-01 8.562786e-02 7.571121e-01 1.283430e+02
7.691931e-01 7.749348e-03 -6.389695e-01 -1.249013e+02 -6.202782e-02 9.961100e-01 -6.258854e-02 -1.267237e+01 6.359989e-01 8.777655e-02 7.666816e-01 1.290719e+02
7.791308e-01 8.009090e-03 -6.268102e-01 -1.254372e+02 -6.080504e-02 9.961688e-01 -6.285263e-02 -1.274560e+01 6.239054e-01 8.708364e-02 7.766328e-01 1.297396e+02
7.899439e-01 9.864611e-03 -6.130997e-01 -1.259764e+02 -6.047775e-02 9.962488e-01 -6.189275e-02 -1.282550e+01 6.101893e-01 8.597070e-02 7.875773e-01 1.304011e+02
8.003811e-01 1.260576e-02 -5.993590e-01 -1.265544e+02 -6.075086e-02 9.963377e-01 -6.017136e-02 -1.290932e+01 5.964055e-01 8.457159e-02 7.982156e-01 1.311180e+02
8.104206e-01 1.414324e-02 -5.856778e-01 -1.271342e+02 -6.018352e-02 9.964294e-01 -5.921553e-02 -1.297300e+01 5.827490e-01 8.323763e-02 8.083780e-01 1.318695e+02
8.196507e-01 1.575516e-02 -5.726469e-01 -1.277118e+02 -5.934491e-02 9.965787e-01 -5.752381e-02 -1.306153e+01 5.697815e-01 8.113311e-02 8.177815e-01 1.326746e+02
8.275230e-01 1.684850e-02 -5.611790e-01 -1.281785e+02 -5.884591e-02 9.966469e-01 -5.685235e-02 -1.311349e+01 5.583394e-01 8.006971e-02 8.257397e-01 1.333829e+02
8.348252e-01 1.660142e-02 -5.502647e-01 -1.286428e+02 -5.802705e-02 9.966307e-01 -5.796658e-02 -1.314695e+01 5.474483e-01 8.032219e-02 8.329758e-01 1.341051e+02
8.419924e-01 1.696987e-02 -5.392225e-01 -1.291281e+02 -5.751930e-02 9.966318e-01 -5.845100e-02 -1.321243e+01 5.364144e-01 8.023099e-02 8.401325e-01 1.348174e+02
8.483469e-01 2.008496e-02 -5.290597e-01 -1.295186e+02 -6.014696e-02 9.964670e-01 -5.861623e-02 -1.331347e+01 5.260132e-01 8.154822e-02 8.465577e-01 1.355196e+02
8.549343e-01 2.207268e-02 -5.182665e-01 -1.299799e+02 -6.139187e-02 9.963781e-01 -5.883706e-02 -1.337300e+01 5.150907e-01 8.211917e-02 8.531928e-01 1.363037e+02
8.612655e-01 2.485171e-02 -5.075471e-01 -1.304119e+02 -6.360733e-02 9.962201e-01 -5.915711e-02 -1.344865e+01 5.041585e-01 8.323370e-02 8.595908e-01 1.370369e+02
8.676451e-01 2.523718e-02 -4.965431e-01 -1.308770e+02 -6.355214e-02 9.961479e-01 -6.041921e-02 -1.351249e+01 4.931055e-01 8.397881e-02 8.659067e-01 1.377942e+02
8.728699e-01 2.523994e-02 -4.872997e-01 -1.312991e+02 -6.389116e-02 9.959753e-01 -6.285723e-02 -1.357502e+01 4.837520e-01 8.600033e-02 8.709695e-01 1.385536e+02
8.775665e-01 2.290503e-02 -4.789076e-01 -1.317165e+02 -6.036351e-02 9.961885e-01 -6.296677e-02 -1.365888e+01 4.756399e-01 8.416607e-02 8.756042e-01 1.392903e+02
8.809791e-01 2.405746e-02 -4.725432e-01 -1.321492e+02 -6.093788e-02 9.961581e-01 -6.289365e-02 -1.372512e+01 4.692147e-01 8.420377e-02 8.790605e-01 1.400956e+02
8.841838e-01 2.635544e-02 -4.663952e-01 -1.325623e+02 -6.148761e-02 9.962866e-01 -6.026816e-02 -1.378776e+01 4.630749e-01 8.196565e-02 8.825210e-01 1.408803e+02
8.870403e-01 3.053541e-02 -4.606811e-01 -1.329699e+02 -6.390043e-02 9.963271e-01 -5.700038e-02 -1.383808e+01 4.572486e-01 7.999936e-02 8.857335e-01 1.416885e+02
8.901859e-01 3.443793e-02 -4.542940e-01 -1.333838e+02 -6.643361e-02 9.962930e-01 -5.465184e-02 -1.391048e+01 4.507279e-01 7.883069e-02 8.891738e-01 1.425312e+02
8.934700e-01 3.721779e-02 -4.475781e-01 -1.338378e+02 -6.824484e-02 9.962389e-01 -5.339160e-02 -1.395613e+01 4.439076e-01 7.824869e-02 8.926496e-01 1.433940e+02
8.968620e-01 3.963456e-02 -4.405312e-01 -1.342671e+02 -6.951468e-02 9.962304e-01 -5.189171e-02 -1.401956e+01 4.368138e-01 7.716309e-02 8.962363e-01 1.442395e+02
9.001560e-01 4.105345e-02 -4.336286e-01 -1.347116e+02 -6.953049e-02 9.963255e-01 -5.000983e-02 -1.407021e+01 4.299821e-01 7.516706e-02 8.997029e-01 1.451332e+02
9.036389e-01 4.146888e-02 -4.262828e-01 -1.351655e+02 -6.875822e-02 9.964381e-01 -4.882074e-02 -1.413684e+01 4.227398e-01 7.342677e-02 9.032716e-01 1.460636e+02
9.072424e-01 4.193814e-02 -4.185122e-01 -1.356246e+02 -6.845569e-02 9.964725e-01 -4.854267e-02 -1.420486e+01 4.150001e-01 7.268951e-02 9.069130e-01 1.470070e+02
9.111505e-01 4.135830e-02 -4.099931e-01 -1.360714e+02 -6.750495e-02 9.964903e-01 -4.949843e-02 -1.426076e+01 4.065069e-01 7.277708e-02 9.107445e-01 1.479457e+02
9.153901e-01 3.877878e-02 -4.006959e-01 -1.365140e+02 -6.468215e-02 9.965855e-01 -5.131828e-02 -1.431188e+01 3.973377e-01 7.289412e-02 9.147728e-01 1.488994e+02
9.194892e-01 3.850304e-02 -3.912252e-01 -1.369261e+02 -6.439430e-02 9.965016e-01 -5.327244e-02 -1.438593e+01 3.878054e-01 7.417611e-02 9.187518e-01 1.498577e+02
9.241300e-01 3.790445e-02 -3.801933e-01 -1.373233e+02 -6.407416e-02 9.963495e-01 -5.641019e-02 -1.445303e+01 3.766672e-01 7.649092e-02 9.231852e-01 1.508045e+02
9.293789e-01 4.013574e-02 -3.669386e-01 -1.377454e+02 -6.604398e-02 9.961109e-01 -5.832102e-02 -1.452797e+01 3.631707e-01 7.843641e-02 9.284152e-01 1.518067e+02
9.355481e-01 4.303071e-02 -3.505684e-01 -1.381784e+02 -6.782642e-02 9.959656e-01 -5.875538e-02 -1.459699e+01 3.466257e-01 7.874628e-02 9.346923e-01 1.528483e+02
9.420258e-01 4.810136e-02 -3.320748e-01 -1.385426e+02 -7.102788e-02 9.958304e-01 -5.724405e-02 -1.467419e+01 3.279366e-01 7.751194e-02 9.415144e-01 1.538650e+02
9.485851e-01 5.188898e-02 -3.122400e-01 -1.388790e+02 -7.327391e-02 9.956735e-01 -5.714212e-02 -1.475376e+01 3.079240e-01 7.708320e-02 9.482832e-01 1.548901e+02
9.550132e-01 5.383708e-02 -2.916355e-01 -1.391995e+02 -7.383921e-02 9.955815e-01 -5.801153e-02 -1.482523e+01 2.872238e-01 7.693591e-02 9.547688e-01 1.559305e+02
9.612257e-01 5.582771e-02 -2.700525e-01 -1.395664e+02 -7.415706e-02 9.955500e-01 -5.814572e-02 -1.491081e+01 2.656046e-01 7.591746e-02 9.610883e-01 1.570950e+02
9.670388e-01 5.739894e-02 -2.480754e-01 -1.399026e+02 -7.379039e-02 9.956273e-01 -5.728182e-02 -1.497991e+01 2.437027e-01 7.369931e-02 9.670457e-01 1.582413e+02
9.722037e-01 6.009354e-02 -2.262934e-01 -1.401352e+02 -7.444431e-02 9.956841e-01 -5.541856e-02 -1.506527e+01 2.219864e-01 7.072439e-02 9.724814e-01 1.592967e+02
9.769707e-01 6.467148e-02 -2.033368e-01 -1.404598e+02 -7.693863e-02 9.956258e-01 -5.300665e-02 -1.514103e+01 1.990193e-01 6.743040e-02 9.776730e-01 1.605958e+02
9.813055e-01 6.719608e-02 -1.803446e-01 -1.407540e+02 -7.767844e-02 9.956372e-01 -5.169749e-02 -1.521726e+01 1.760839e-01 6.473992e-02 9.822440e-01 1.619098e+02
9.849385e-01 6.960204e-02 -1.582775e-01 -1.409778e+02 -7.892300e-02 9.954505e-01 -5.338039e-02 -1.529452e+01 1.538420e-01 6.506813e-02 9.859507e-01 1.631428e+02
9.882199e-01 6.949963e-02 -1.363499e-01 -1.411809e+02 -7.787158e-02 9.953296e-01 -5.705328e-02 -1.537161e+01 1.317479e-01 6.699896e-02 9.890165e-01 1.643797e+02
9.908521e-01 7.034871e-02 -1.151657e-01 -1.413590e+02 -7.758063e-02 9.952053e-01 -5.956227e-02 -1.545766e+01 1.104234e-01 6.795203e-02 9.915590e-01 1.656157e+02
9.931014e-01 6.864135e-02 -9.506789e-02 -1.414894e+02 -7.441524e-02 9.955053e-01 -5.857969e-02 -1.554267e+01 9.061960e-02 6.525008e-02 9.937457e-01 1.668478e+02
9.947822e-01 7.128671e-02 -7.298321e-02 -1.416492e+02 -7.552020e-02 9.955145e-01 -5.698839e-02 -1.565069e+01 6.859332e-02 6.220274e-02 9.957037e-01 1.681039e+02
9.960171e-01 7.253688e-02 -5.184986e-02 -1.418069e+02 -7.549444e-02 9.954835e-01 -5.756001e-02 -1.573906e+01 4.744045e-02 6.124513e-02 9.969947e-01 1.694771e+02
9.966341e-01 7.582723e-02 -3.115537e-02 -1.418687e+02 -7.755414e-02 9.952661e-01 -5.857175e-02 -1.582888e+01 2.656655e-02 6.079083e-02 9.977969e-01 1.707291e+02
9.968993e-01 7.807291e-02 -9.818433e-03 -1.419052e+02 -7.852388e-02 9.950986e-01 -6.010649e-02 -1.592248e+01 5.077620e-03 6.069110e-02 9.981437e-01 1.719829e+02
9.966564e-01 8.099342e-02 1.077066e-02 -1.419213e+02 -8.017588e-02 9.948476e-01 -6.204825e-02 -1.601165e+01 -1.574067e-02 6.097724e-02 9.980150e-01 1.733346e+02
9.960504e-01 8.326269e-02 3.083782e-02 -1.418931e+02 -8.114103e-02 9.946052e-01 -6.462689e-02 -1.610914e+01 -3.605246e-02 6.186942e-02 9.974329e-01 1.746312e+02
9.950902e-01 8.420328e-02 5.201174e-02 -1.419627e+02 -8.056189e-02 9.943907e-01 -6.853470e-02 -1.620382e+01 -5.749084e-02 6.400804e-02 9.962920e-01 1.761526e+02
9.936678e-01 8.699389e-02 7.110758e-02 -1.419035e+02 -8.182622e-02 9.939976e-01 -7.261721e-02 -1.630078e+01 -7.699802e-02 6.633893e-02 9.948218e-01 1.775577e+02
9.920073e-01 8.792355e-02 9.050403e-02 -1.418099e+02 -8.117763e-02 9.938205e-01 -7.570301e-02 -1.641476e+01 -9.660084e-02 6.775104e-02 9.930146e-01 1.789158e+02
9.899782e-01 8.910117e-02 1.095639e-01 -1.416932e+02 -8.057437e-02 9.935378e-01 -7.993986e-02 -1.654699e+01 -1.159786e-01 7.031067e-02 9.907600e-01 1.803607e+02
9.875861e-01 9.059891e-02 1.283184e-01 -1.415584e+02 -7.982159e-02 9.930240e-01 -8.678572e-02 -1.666646e+01 -1.352859e-01 7.546579e-02 9.879285e-01 1.818113e+02
9.848518e-01 9.327107e-02 1.461760e-01 -1.413850e+02 -7.993579e-02 9.923010e-01 -9.459879e-02 -1.681710e+01 -1.538739e-01 8.148110e-02 9.847252e-01 1.832552e+02
