1.000000e+00 0.000000e+00 0.000000e+00 0.000000e+00 0.000000e+00 1.000000e+00 0.000000e+00 0.000000e+00 0.000000e+00 0.000000e+00 1.000000e+00 0.000000e+00
9.999913e-01 -2.561358e-03 -3.282424e-03 -3.764645e-03 2.554266e-03 9.999944e-01 -2.162873e-03 -6.887724e-03 3.287945e-03 2.154470e-03 9.999923e-01 6.744060e-01
9.999718e-01 -1.382390e-03 -7.375284e-03 -1.398072e-02 1.355779e-03 9.999926e-01 -3.611821e-03 -1.317425e-02 7.380222e-03 3.601720e-03 9.999663e-01 1.369892e+00
9.999353e-01 -1.162345e-03 -1.131908e-02 -2.887173e-02 1.103522e-03 9.999859e-01 -5.201677e-03 -1.900549e-02 1.132496e-02 5.188849e-03 9.999224e-01 2.085412e+00
9.998668e-01 1.459868e-05 -1.631896e-02 -4.690104e-02 -1.089044e-04 9.999833e-01 -5.778030e-03 -2.669390e-02 1.631860e-02 5.779038e-03 9.998501e-01 2.816486e+00
9.997845e-01 -1.009706e-03 -2.073300e-02 -6.592058e-02 8.834029e-04 9.999810e-01 -6.100125e-03 -3.677653e-02 2.073876e-02 6.080495e-03 9.997664e-01 3.559667e+00
9.996826e-01 9.249566e-04 -2.517790e-02 -9.585801e-02 -1.116304e-03 9.999706e-01 -7.586822e-03 -4.381594e-02 2.517014e-02 7.612520e-03 9.996542e-01 4.321211e+00
9.995401e-01 3.819913e-03 -3.008424e-02 -1.294007e-01 -4.073528e-03 9.999566e-01 -8.373369e-03 -5.369263e-02 3.005095e-02 8.492067e-03 9.995123e-01 5.096594e+00
9.994002e-01 4.309264e-03 -3.435986e-02 -1.644922e-01 -4.548011e-03 9.999660e-01 -6.873276e-03 -6.421791e-02 3.432907e-02 7.025423e-03 9.993859e-01 5.883296e+00
9.992354e-01 3.552533e-03 -3.893621e-02 -1.973062e-01 -3.722357e-03 9.999839e-01 -4.289978e-03 -7.289972e-02 3.892034e-02 4.431633e-03 9.992325e-01 6.687286e+00
9.990882e-01 3.513647e-03 -4.254801e-02 -2.362946e-01 -3.593539e-03 9.999919e-01 -1.801358e-03 -8.380498e-02 4.254134e-02 1.952614e-03 9.990928e-01 7.505233e+00
9.989682e-01 4.910631e-03 -4.514961e-02 -2.844185e-01 -5.029336e-03 9.999842e-01 -2.515931e-03 -9.370209e-02 4.513654e-02 2.740408e-03 9.989771e-01 8.329300e+00
9.988656e-01 4.583914e-03 -4.739823e-02 -3.291797e-01 -4.728929e-03 9.999845e-01 -2.947819e-03 -9.968289e-02 4.738398e-02 3.168618e-03 9.988717e-01 9.157820e+00
9.987827e-01 1.510187e-03 -4.930434e-02 -3.675934e-01 -1.690278e-03 9.999921e-01 -3.611134e-03 -1.095282e-01 4.929850e-02 3.690076e-03 9.987773e-01 9.993046e+00
9.986813e-01 1.640206e-03 -5.131209e-02 -4.156854e-01 -1.794074e-03 9.999940e-01 -2.952745e-03 -1.198913e-01 5.130694e-02 3.040909e-03 9.986783e-01 1.083282e+01
9.986127e-01 2.394231e-04 -5.265594e-02 -4.645888e-01 -4.069466e-04 9.999949e-01 -3.170776e-03 -1.343148e-01 5.265491e-02 3.187805e-03 9.986077e-01 1.168410e+01
9.985026e-01 2.532588e-03 -5.464560e-02 -5.164777e-01 -2.836958e-03 9.999809e-01 -5.493025e-03 -1.465916e-01 5.463064e-02 5.639827e-03 9.984907e-01 1.254912e+01
9.984289e-01 3.269958e-03 -5.593764e-02 -5.728405e-01 -3.731232e-03 9.999599e-01 -8.143765e-03 -1.589610e-01 5.590877e-02 8.339686e-03 9.984011e-01 1.341495e+01
9.983043e-01 7.539632e-03 -5.772113e-02 -6.334766e-01 -8.121165e-03 9.999185e-01 -9.846937e-03 -1.728836e-01 5.764219e-02 1.029900e-02 9.982842e-01 1.429387e+01
9.982286e-01 8.820433e-03 -5.883717e-02 -6.898679e-01 -9.395975e-03 9.999106e-01 -9.512465e-03 -1.903080e-01 5.874800e-02 1.004845e-02 9.982223e-01 1.518328e+01
9.981569e-01 8.333467e-03 -6.011055e-02 -7.498238e-01 -8.838325e-03 9.999278e-01 -8.137830e-03 -2.072748e-01 6.003839e-02 8.654108e-03 9.981586e-01 1.607400e+01
9.980640e-01 9.010639e-03 -6.153860e-02 -8.090004e-01 -9.445231e-03 9.999324e-01 -6.774850e-03 -2.202895e-01 6.147340e-02 7.342980e-03 9.980817e-01 1.697625e+01
9.980039e-01 8.891828e-03 -6.252389e-02 -8.695762e-01 -9.335366e-03 9.999333e-01 -6.805346e-03 -2.369499e-01 6.245921e-02 7.375445e-03 9.980203e-01 1.788662e+01
9.978992e-01 8.797882e-03 -6.418545e-02 -9.333373e-01 -9.308002e-03 9.999274e-01 -7.652888e-03 -2.532871e-01 6.411346e-02 8.234249e-03 9.979086e-01 1.879849e+01
9.978406e-01 7.435329e-03 -6.525913e-02 -9.951120e-01 -8.004499e-03 9.999321e-01 -8.464565e-03 -2.675869e-01 6.519176e-02 8.968653e-03 9.978324e-01 1.971690e+01
9.977989e-01 7.760081e-03 -6.585769e-02 -1.058872e+00 -8.227994e-03 9.999428e-01 -6.836650e-03 -2.841672e-01 6.580087e-02 7.363478e-03 9.978056e-01 2.064330e+01
9.977929e-01 9.436772e-03 -6.572908e-02 -1.128113e+00 -9.692231e-03 9.999467e-01 -3.568749e-03 -3.012871e-01 6.569190e-02 4.197933e-03 9.978311e-01 2.157166e+01
