9.999913e-01 -2.561358e-03 -3.282424e-03 -3.764645e-03 2.554266e-03 9.999944e-01 -2.162873e-03 -6.887724e-03 3.287945e-03 2.154470e-03 9.999923e-01 6.744060e-01
9.999718e-01 -1.382390e-03 -7.375284e-03 -1.398072e-02 1.355779e-03 9.999926e-01 -3.611821e-03 -1.317425e-02 7.380222e-03 3.601720e-03 9.999663e-01 1.369892e+00
9.999353e-01 -1.162345e-03 -1.131908e-02 -2.887173e-02 1.103522e-03 9.999859e-01 -5.201677e-03 -1.900549e-02 1.132496e-02 5.188849e-03 9.999224e-01 2.085412e+00
9.998668e-01 1.459868e-05 -1.631896e-02 -4.690104e-02 -1.089044e-04 9.999833e-01 -5.778030e-03 -2.669390e-02 1.631860e-02 5.779038e-03 9.998501e-01 2.816486e+00
9.997845e-01 -1.009706e-03 -2.073300e-02 -6.592058e-02 8.834029e-04 9.999810e-01 -6.100125e-03 -3.677653e-02 2.073876e-02 6.080495e-03 9.997664e-01 3.559667e+00
9.996826e-01 9.249566e-04 -2.517790e-02 -9.585801e-02 -1.116304e-03 9.999706e-01 -7.586822e-03 -4.381594e-02 2.517014e-02 7.612520e-03 9.996542e-01 4.321211e+00
9.995401e-01 3.819913e-03 -3.008424e-02 -1.294007e-01 -4.073528e-03 9.999566e-01 -8.373369e-03 -5.369263e-02 3.005095e-02 8.492067e-03 9.995123e-01 5.096594e+00
9.994002e-01 4.309264e-03 -3.435986e-02 -1.644922e-01 -4.548011e-03 9.999660e-01 -6.873276e-03 -6.421791e-02 3.432907e-02 7.025423e-03 9.993859e-01 5.883296e+00
9.992354e-01 3.552533e-03 -3.893621e-02 -1.973062e-01 -3.722357e-03 9.999839e-01 -4.289978e-03 -7.289972e-02 3.892034e-02 4.431633e-03 9.992325e-01 6.687286e+00
9.990882e-01 3.513647e-03 -4.254801e-02 -2.362946e-01 -3.593539e-03 9.999919e-01 -1.801358e-03 -8.380498e-02 4.254134e-02 1.952614e-03 9.990928e-01 7.505233e+00
9.989682e-01 4.910631e-03 -4.514961e-02 -2.844185e-01 -5.029336e-03 9.999842e-01 -2.515931e-03 -9.370209e-02 4.513654e-02 2.740408e-03 9.989771e-01 8.329300e+00
9.988656e-01 4.583914e-03 -4.739823e-02 -3.291797e-01 -4.728929e-03 9.999845e-01 -2.947819e-03 -9.968289e-02 4.738398e-02 3.168618e-03 9.988717e-01 9.157820e+00
9.987827e-01 1.510187e-03 -4.930434e-02 -3.675934e-01 -1.690278e-03 9.999921e-01 -3.611134e-03 -1.095282e-01 4.929850e-02 3.690076e-03 9.987773e-01 9.993046e+00
9.986813e-01 1.640206e-03 -5.131209e-02 -4.156854e-01 -1.794074e-03 9.999940e-01 -2.952745e-03 -1.198913e-01 5.130694e-02 3.040909e-03 9.986783e-01 1.083282e+01
9.986127e-01 2.394231e-04 -5.265594e-02 -4.645888e-01 -4.069466e-04 9.999949e-01 -3.170776e-03 -1.343148e-01 5.265491e-02 3.187805e-03 9.986077e-01 1.168410e+01
9.985026e-01 2.532588e-03 -5.464560e-02 -5.164777e-01 -2.836958e-03 9.999809e-01 -5.493025e-03 -1.465916e-01 5.463064e-02 5.639827e-03 9.984907e-01 1.254912e+01
9.984289e-01 3.269958e-03 -5.593764e-02 -5.728405e-01 -3.731232e-03 9.999599e-01 -8.143765e-03 -1.589610e-01 5.590877e-02 8.339686e-03 9.984011e-01 1.341495e+01
9.983043e-01 7.539632e-03 -5.772113e-02 -6.334766e-01 -8.121165e-03 9.999185e-01 -9.846937e-03 -1.728836e-01 5.764219e-02 1.029900e-02 9.982842e-01 1.429387e+01
9.982286e-01 8.820433e-03 -5.883717e-02 -6.898679e-01 -9.395975e-03 9.999106e-01 -9.512465e-03 -1.903080e-01 5.874800e-02 1.004845e-02 9.982223e-01 1.518328e+01
9.981569e-01 8.333467e-03 -6.011055e-02 -7.498238e-01 -8.838325e-03 9.999278e-01 -8.137830e-03 -2.072748e-01 6.003839e-02 8.654108e-03 9.981586e-01 1.607400e+01
9.980640e-01 9.010639e-03 -6.153860e-02 -8.090004e-01 -9.445231e-03 9.999324e-01 -6.774850e-03 -2.202895e-01 6.147340e-02 7.342980e-03 9.980817e-01 1.697625e+01
9.980039e-01 8.891828e-03 -6.252389e-02 -8.695762e-01 -9.335366e-03 9.999333e-01 -6.805346e-03 -2.369499e-01 6.245921e-02 7.375445e-03 9.980203e-01 1.788662e+01
9.978992e-01 8.797882e-03 -6.418545e-02 -9.333373e-01 -9.308002e-03 9.999274e-01 -7.652888e-03 -2.532871e-01 6.411346e-02 8.234249e-03 9.979086e-01 1.879849e+01
9.978406e-01 7.435329e-03 -6.525913e-02 -9.951120e-01 -8.004499e-03 9.999321e-01 -8.464565e-03 -2.675869e-01 6.519176e-02 8.968653e-03 9.978324e-01 1.971690e+01
9.977989e-01 7.760081e-03 -6.585769e-02 -1.058872e+00 -8.227994e-03 9.999428e-01 -6.836650e-03 -2.841672e-01 6.580087e-02 7.363478e-03 9.978056e-01 2.064330e+01
9.977929e-01 9.436772e-03 -6.572908e-02 -1.128113e+00 -9.692231e-03 9.999467e-01 -3.568749e-03 -3.012871e-01 6.569190e-02 4.197933e-03 9.978311e-01 2.157166e+01
9.978396e-01 1.090777e-02 -6.478604e-02 -1.198868e+00 -1.092819e-02 9.999403e-01 3.914299e-05 -3.148438e-01 6.478260e-02 6.689360e-04 9.978992e-01 2.251185e+01
9.979528e-01 1.006535e-02 -6.315722e-02 -1.262623e+00 -9.897725e-03 9.999466e-01 2.966374e-03 -3.270398e-01 6.318371e-02 -2.335189e-03 9.979992e-01 2.345357e+01
9.980474e-01 1.066301e-02 -6.154472e-02 -1.329183e+00 -1.046696e-02 9.999391e-01 3.507048e-03 -3.361206e-01 6.157837e-02 -2.856014e-03 9.980982e-01 2.440130e+01
9.981251e-01 1.111029e-02 -6.018970e-02 -1.390968e+00 -1.110190e-02 9.999383e-01 4.738711e-04 -3.446268e-01 6.019125e-02 1.952373e-04 9.981868e-01 2.535420e+01
9.981688e-01 1.196886e-02 -5.929377e-02 -1.452750e+00 -1.225166e-02 9.999152e-01 -4.408135e-03 -3.565337e-01 5.923598e-02 5.126510e-03 9.982308e-01 2.630010e+01
9.982411e-01 1.160625e-02 -5.813798e-02 -1.512484e+00 -1.206287e-02 9.998990e-01 -7.509317e-03 -3.696217e-01 5.804496e-02 8.197420e-03 9.982803e-01 2.725547e+01
9.983109e-01 9.359146e-03 -5.733944e-02 -1.572477e+00 -9.747655e-03 9.999314e-01 -6.499658e-03 -3.884116e-01 5.727467e-02 7.047604e-03 9.983336e-01 2.822273e+01
9.983145e-01 7.542802e-03 -5.754353e-02 -1.629751e+00 -7.647833e-03 9.999695e-01 -1.605225e-03 -4.026281e-01 5.752967e-02 2.042603e-03 9.983417e-01 2.920254e+01
9.982866e-01 4.140253e-03 -5.836706e-02 -1.687617e+00 -4.043059e-03 9.999902e-01 1.783217e-03 -4.207774e-01 5.837387e-02 -1.544180e-03 9.982936e-01 3.018569e+01
9.982251e-01 -3.057811e-03 -5.947450e-02 -1.737189e+00 3.126082e-03 9.999946e-01 1.054896e-03 -4.327091e-01 5.947095e-02 -1.238946e-03 9.982293e-01 3.116324e+01
9.981300e-01 -4.917326e-03 -6.092844e-02 -1.795533e+00 4.739376e-03 9.999841e-01 -3.064797e-03 -4.447069e-01 6.094254e-02 2.770303e-03 9.981374e-01 3.214275e+01
9.980521e-01 -4.463926e-03 -6.222542e-02 -1.865288e+00 4.033741e-03 9.999671e-01 -7.037241e-03 -4.592544e-01 6.225478e-02 6.772533e-03 9.980373e-01 3.312903e+01
9.979178e-01 -2.674957e-03 -6.444297e-02 -1.932389e+00 2.176574e-03 9.999672e-01 -7.802666e-03 -4.755142e-01 6.446173e-02 7.646155e-03 9.978909e-01 3.411904e+01
9.978640e-01 -2.571996e-03 -6.527441e-02 -2.002017e+00 2.154577e-03 9.999768e-01 -6.464425e-03 -4.955622e-01 6.528952e-02 6.309979e-03 9.978464e-01 3.512454e+01
9.977956e-01 1.287505e-03 -6.634908e-02 -2.079573e+00 -1.542648e-03 9.999916e-01 -3.794368e-03 -5.157751e-01 6.634364e-02 3.888357e-03 9.977893e-01 3.611619e+01
9.977177e-01 1.630016e-03 -6.750307e-02 -2.159355e+00 -1.813265e-03 9.999948e-01 -2.653492e-03 -5.314823e-01 6.749840e-02 2.769837e-03 9.977155e-01 3.713233e+01
9.976488e-01 3.661563e-03 -6.843625e-02 -2.232034e+00 -3.684524e-03 9.999932e-01 -2.092839e-04 -5.460772e-01 6.843501e-02 4.609468e-04 9.976555e-01 3.811874e+01
9.976600e-01 3.907959e-03 -6.825810e-02 -2.305714e+00 -3.725977e-03 9.999892e-01 2.793198e-03 -5.616964e-01 6.826828e-02 -2.532334e-03 9.976638e-01 3.912156e+01
9.975818e-01 1.057152e-02 -6.869371e-02 -2.387603e+00 -1.025082e-02 9.999349e-01 5.019432e-03 -5.753830e-01 6.874230e-02 -4.303128e-03 9.976252e-01 4.010985e+01
9.975680e-01 1.081801e-02 -6.885530e-02 -2.463912e+00 -1.054165e-02 9.999349e-01 4.375739e-03 -5.868294e-01 6.889815e-02 -3.639249e-03 9.976171e-01 4.111514e+01
9.975681e-01 1.198903e-02 -6.865955e-02 -2.539042e+00 -1.184714e-02 9.999268e-01 2.473365e-03 -5.972526e-01 6.868417e-02 -1.653930e-03 9.976371e-01 4.211436e+01
9.975351e-01 1.466208e-02 -6.862068e-02 -2.617322e+00 -1.467357e-02 9.998923e-01 3.366560e-04 -6.124562e-01 6.861823e-02 6.710840e-04 9.976428e-01 4.311144e+01
9.974642e-01 1.516719e-02 -6.953544e-02 -2.694482e+00 -1.518807e-02 9.998846e-01 2.284971e-04 -6.282012e-01 6.953088e-02 8.281914e-04 9.975795e-01 4.411639e+01
9.974020e-01 1.374761e-02 -7.071297e-02 -2.769672e+00 -1.368345e-02 9.999054e-01 1.391778e-03 -6.423750e-01 7.072541e-02 -4.205656e-04 9.974957e-01 4.510819e+01
9.973334e-01 1.483399e-02 -7.145657e-02 -2.847637e+00 -1.471162e-02 9.998893e-01 2.238445e-03 -6.563699e-01 7.148186e-02 -1.181234e-03 9.974412e-01 4.610176e+01
9.972714e-01 1.726444e-02 -7.177555e-02 -2.927656e+00 -1.740706e-02 9.998476e-01 -1.361895e-03 -6.724735e-01 7.174110e-02 2.607580e-03 9.974199e-01 4.708123e+01
9.971958e-01 1.775485e-02 -7.269973e-02 -3.010066e+00 -1.820460e-02 9.998190e-01 -5.528366e-03 -6.870687e-01 7.258842e-02 6.836333e-03 9.973386e-01 4.804824e+01
9.971303e-01 1.902276e-02 -7.327512e-02 -3.089317e+00 -1.958672e-02 9.997838e-01 -6.985548e-03 -7.045197e-01 7.312639e-02 8.400722e-03 9.972873e-01 4.901956e+01
9.971512e-01 1.843015e-02 -7.314242e-02 -3.168967e+00 -1.874100e-02 9.998180e-01 -3.565849e-03 -7.266005e-01 7.306339e-02 4.926452e-03 9.973151e-01 5.000048e+01
9.971693e-01 1.696015e-02 -7.325138e-02 -3.245199e+00 -1.705019e-02 9.998545e-01 -6.040549e-04 -7.442960e-01 7.323048e-02 1.851295e-03 9.973133e-01 5.097719e+01
9.971879e-01 1.508083e-02 -7.340832e-02 -3.319734e+00 -1.511250e-02 9.998858e-01 1.239568e-04 -7.615756e-01 7.340181e-02 9.857751e-04 9.973020e-01 5.193992e+01
9.972161e-01 1.228588e-02 -7.354629e-02 -3.391969e+00 -1.240244e-02 9.999224e-01 -1.128481e-03 -7.793367e-01 7.352672e-02 2.037493e-03 9.972912e-01 5.289900e+01
9.972064e-01 1.010297e-02 -7.400935e-02 -3.459942e+00 -1.032845e-02 9.999431e-01 -2.664507e-03 -7.949527e-01 7.397822e-02 3.421465e-03 9.972540e-01 5.385001e+01
9.971432e-01 9.039978e-03 -7.499109e-02 -3.536251e+00 -9.183567e-03 9.999566e-01 -1.570141e-03 -8.116477e-01 7.497364e-02 2.254341e-03 9.971830e-01 5.480497e+01
9.970815e-01 6.633534e-03 -7.605520e-02 -3.606880e+00 -6.469141e-03 9.999762e-01 2.407659e-03 -8.273694e-01 7.606936e-02 -1.908621e-03 9.971007e-01 5.575730e+01
9.970427e-01 6.016382e-03 -7.661419e-02 -3.680050e+00 -5.487241e-03 9.999596e-01 7.115209e-03 -8.346725e-01 7.665390e-02 -6.673767e-03 9.970354e-01 5.671537e+01
9.969952e-01 8.153786e-03 -7.703331e-02 -3.761251e+00 -7.470132e-03 9.999302e-01 9.158775e-03 -8.435384e-01 7.710261e-02 -8.555805e-03 9.969865e-01 5.766567e+01
9.968602e-01 9.558843e-03 -7.860278e-02 -3.840665e+00 -9.193872e-03 9.999452e-01 5.003825e-03 -8.528766e-01 7.864630e-02 -4.265450e-03 9.968935e-01 5.860805e+01
9.967247e-01 1.156167e-02 -8.003816e-02 -3.920853e+00 -1.182098e-02 9.999263e-01 -2.766744e-03 -8.681524e-01 8.000027e-02 3.703812e-03 9.967880e-01 5.952607e+01
9.966280e-01 1.355125e-02 -8.092537e-02 -4.000270e+00 -1.420044e-02 9.998714e-01 -7.451870e-03 -8.886766e-01 8.081398e-02 8.575918e-03 9.966923e-01 6.043219e+01
9.964677e-01 1.880255e-02 -8.184434e-02 -4.087980e+00 -1.941118e-02 9.997895e-01 -6.647027e-03 -9.080761e-01 8.170213e-02 8.212243e-03 9.966230e-01 6.133913e+01
9.963387e-01 2.198376e-02 -8.261867e-02 -4.174965e+00 -2.242771e-02 9.997386e-01 -4.449048e-03 -9.288200e-01 8.249926e-02 6.285707e-03 9.965713e-01 6.222388e+01
9.961863e-01 2.477187e-02 -8.366072e-02 -4.259546e+00 -2.510728e-02 9.996804e-01 -2.959279e-03 -9.519082e-01 8.356067e-02 5.048486e-03 9.964899e-01 6.312396e+01
9.960622e-01 2.571239e-02 -8.484674e-02 -4.336662e+00 -2.607835e-02 9.996548e-01 -3.207534e-03 -9.704091e-01 8.473497e-02 5.407567e-03 9.963889e-01 6.399046e+01
9.958640e-01 2.786817e-02 -8.647700e-02 -4.418450e+00 -2.818718e-02 9.995996e-01 -2.469806e-03 -9.880266e-01 8.637355e-02 4.897133e-03 9.962508e-01 6.484656e+01
9.957138e-01 2.913931e-02 -8.777788e-02 -4.499597e+00 -2.941298e-02 9.995657e-01 -1.825666e-03 -1.008966e+00 8.768655e-02 4.399649e-03 9.961384e-01 6.568616e+01
9.955795e-01 2.975148e-02 -8.908579e-02 -4.580478e+00 -3.000219e-02 9.995487e-01 -1.476205e-03 -1.028215e+00 8.900167e-02 4.142448e-03 9.960229e-01 6.651226e+01
9.954566e-01 3.029717e-02 -9.026707e-02 -4.660391e+00 -3.046158e-02 9.995358e-01 -4.439846e-04 -1.046302e+00 9.021172e-02 3.191645e-03 9.959175e-01 6.732099e+01
9.952411e-01 3.360216e-02 -9.146563e-02 -4.742018e+00 -3.354759e-02 9.994348e-01 2.134388e-03 -1.060185e+00 9.148565e-02 9.442205e-04 9.958059e-01 6.811209e+01
9.950843e-01 3.516827e-02 -9.257609e-02 -4.824288e+00 -3.474683e-02 9.993772e-01 6.160755e-03 -1.070285e+00 9.273509e-02 -2.913745e-03 9.956866e-01 6.890179e+01
9.948039e-01 3.907490e-02 -9.401217e-02 -4.912002e+00 -3.852320e-02 9.992282e-01 7.676739e-03 -1.079248e+00 9.423958e-02 -4.015201e-03 9.955415e-01 6.968261e+01
9.945438e-01 4.209115e-02 -9.545111e-02 -4.994004e+00 -4.194128e-02 9.991137e-01 3.576736e-03 -1.094567e+00 9.551706e-02 4.461212e-04 9.954277e-01 7.043655e+01
9.943917e-01 4.250133e-02 -9.684442e-02 -5.075778e+00 -4.305783e-02 9.990659e-01 -3.662784e-03 -1.109764e+00 9.659828e-02 7.812152e-03 9.952928e-01 7.116758e+01
9.942415e-01 4.198993e-02 -9.859393e-02 -5.147882e+00 -4.313894e-02 9.990234e-01 -9.550224e-03 -1.123901e+00 9.809663e-02 1.374847e-02 9.950819e-01 7.187815e+01
9.941512e-01 4.337048e-02 -9.890616e-02 -5.227105e+00 -4.466127e-02 9.989430e-01 -1.087304e-02 -1.139624e+00 9.833005e-02 1.522672e-02 9.950374e-01 7.257411e+01
9.939630e-01 4.628908e-02 -9.947312e-02 -5.305464e+00 -4.725805e-02 9.988553e-01 -7.405593e-03 -1.157011e+00 9.901645e-02 1.206179e-02 9.950127e-01 7.325355e+01
9.938141e-01 4.688026e-02 -1.006769e-01 -5.378706e+00 -4.762547e-02 9.988527e-01 -5.009925e-03 -1.182110e+00 1.003265e-01 9.773716e-03 9.949066e-01 7.391393e+01
9.938487e-01 4.394388e-02 -1.016546e-01 -5.452304e+00 -4.503252e-02 9.989499e-01 -8.438127e-03 -1.197692e+00 1.011770e-01 1.296398e-02 9.947840e-01 7.455775e+01
9.941583e-01 3.611139e-02 -1.017117e-01 -5.510494e+00 -3.770479e-02 9.991938e-01 -1.378654e-02 -1.214996e+00 1.011319e-01 1.754103e-02 9.947184e-01 7.517469e+01
9.943990e-01 3.212659e-02 -1.006898e-01 -5.574811e+00 -3.421899e-02 9.992314e-01 -1.912247e-02 -1.222182e+00 9.999802e-02 2.246086e-02 9.947341e-01 7.577831e+01
9.946194e-01 3.479528e-02 -9.757858e-02 -5.640229e+00 -3.687435e-02 9.991280e-01 -1.958431e-02 -1.239355e+00 9.681205e-02 2.307708e-02 9.950351e-01 7.637152e+01
9.948315e-01 4.001170e-02 -9.332345e-02 -5.706891e+00 -4.174545e-02 9.989887e-01 -1.669944e-02 -1.260076e+00 9.256090e-02 2.050896e-02 9.954958e-01 7.694869e+01
9.953186e-01 3.870238e-02 -8.856029e-02 -5.758255e+00 -4.008789e-02 9.990992e-01 -1.391933e-02 -1.275347e+00 8.794180e-02 1.740436e-02 9.959736e-01 7.751200e+01
9.959463e-01 3.541534e-02 -8.268494e-02 -5.798432e+00 -3.636668e-02 9.992882e-01 -1.002749e-02 -1.292299e+00 8.227096e-02 1.299382e-02 9.965253e-01 7.806056e+01
9.967341e-01 3.131006e-02 -7.443656e-02 -5.828824e+00 -3.191099e-02 9.994669e-01 -6.897147e-03 -1.309341e+00 7.418093e-02 9.249966e-03 9.972019e-01 7.859096e+01
9.973405e-01 3.528272e-02 -6.377326e-02 -5.860768e+00 -3.582439e-02 9.993309e-01 -7.369831e-03 -1.325666e+00 6.347056e-02 9.634869e-03 9.979372e-01 7.911100e+01
9.979790e-01 4.084920e-02 -4.867551e-02 -5.888983e+00 -4.130805e-02 9.991107e-01 -8.458001e-03 -1.338298e+00 4.828672e-02 1.045160e-02 9.987788e-01 7.962143e+01
9.984663e-01 4.618044e-02 -3.053416e-02 -5.904239e+00 -4.646222e-02 9.988832e-01 -8.583949e-03 -1.348750e+00 3.010365e-02 9.989468e-03 9.994969e-01 8.011888e+01
9.989553e-01 4.492419e-02 -8.375720e-03 -5.896918e+00 -4.499786e-02 9.989481e-01 -8.824876e-03 -1.359826e+00 7.970459e-03 9.192546e-03 9.999260e-01 8.060579e+01
9.989705e-01 4.172699e-02 1.779827e-02 -5.866563e+00 -4.157783e-02 9.990976e-01 -8.670177e-03 -1.374510e+00 -1.814399e-02 7.921238e-03 9.998040e-01 8.108126e+01
9.980401e-01 4.099434e-02 4.728096e-02 -5.821353e+00 -4.065725e-02 9.991406e-01 -8.069662e-03 -1.389286e+00 -4.757113e-02 6.131532e-03 9.988490e-01 8.154247e+01
9.959348e-01 4.084706e-02 8.028364e-02 -5.760761e+00 -4.036349e-02 9.991559e-01 -7.637666e-03 -1.403646e+00 -8.052785e-02 4.366090e-03 9.967428e-01 8.199680e+01
9.921874e-01 4.112887e-02 1.177821e-01 -5.682436e+00 -4.044585e-02 9.991482e-01 -8.184415e-03 -1.420048e+00 -1.180183e-01 3.356678e-03 9.930057e-01 8.244474e+01
9.862873e-01 4.130982e-02 1.597839e-01 -5.592891e+00 -4.036533e-02 9.991431e-01 -9.153658e-03 -1.438398e+00 -1.600251e-01 2.578406e-03 9.871096e-01 8.287806e+01
9.779120e-01 4.152620e-02 2.048503e-01 -5.468852e+00 -4.021278e-02 9.991352e-01 -1.057222e-02 -1.453683e+00 -2.051121e-01 2.101097e-03 9.787362e-01 8.330891e+01
9.662740e-01 4.421432e-02 2.536920e-01 -5.328576e+00 -4.196841e-02 9.990172e-01 -1.426093e-02 -1.468034e+00 -2.540732e-01 3.132914e-03 9.671799e-01 8.372169e+01
9.507426e-01 4.561260e-02 3.066071e-01 -5.162012e+00 -4.188073e-02 9.989468e-01 -1.874308e-02 -1.486703e+00 -3.071391e-01 4.978920e-03 9.516516e-01 8.412073e+01
9.307037e-01 4.690792e-02 3.627537e-01 -4.987935e+00 -4.137627e-02 9.988787e-01 -2.300811e-02 -1.497400e+00 -3.634262e-01 6.404341e-03 9.316010e-01 8.449416e+01
9.060315e-01 4.799014e-02 4.204805e-01 -4.799624e+00 -4.051226e-02 9.988222e-01 -2.670333e-02 -1.512087e+00 -4.212668e-01 7.159446e-03 9.069085e-01 8.484306e+01
8.766843e-01 4.861876e-02 4.786030e-01 -4.581271e+00 -3.870883e-02 9.987832e-01 -3.055597e-02 -1.526427e+00 -4.795063e-01 8.261778e-03 8.774996e-01 8.517562e+01
8.428334e-01 4.770849e-02 5.360557e-01 -4.339911e+00 -3.457430e-02 9.988054e-01 -3.453209e-02 -1.544591e+00 -5.370628e-01 1.057105e-02 8.434760e-01 8.549066e+01
8.055758e-01 4.767924e-02 5.905712e-01 -4.081686e+00 -3.172315e-02 9.987980e-01 -3.736472e-02 -1.565299e+00 -5.916429e-01 1.136533e-02 8.061200e-01 8.578205e+01
7.651703e-01 4.675365e-02 6.421281e-01 -3.807953e+00 -2.916881e-02 9.988531e-01 -3.796893e-02 -1.586287e+00 -6.431669e-01 1.032258e-02 7.656565e-01 8.605358e+01
7.221328e-01 4.689604e-02 6.901630e-01 -3.513247e+00 -2.874136e-02 9.988719e-01 -3.779985e-02 -1.600937e+00 -6.911571e-01 7.460287e-03 7.226660e-01 8.630601e+01
6.767313e-01 4.615778e-02 7.347817e-01 -3.203888e+00 -2.566504e-02 9.989052e-01 -3.911217e-02 -1.616517e+00 -7.357826e-01 7.610226e-03 6.771750e-01 8.653647e+01
6.300920e-01 4.534137e-02 7.751956e-01 -2.884775e+00 -2.044869e-02 9.989165e-01 -4.180582e-02 -1.634846e+00 -7.762512e-01 1.048978e-02 6.303365e-01 8.673866e+01
5.834359e-01 4.330512e-02 8.110038e-01 -2.551518e+00 -1.290197e-02 9.989456e-01 -4.405897e-02 -1.652174e+00 -8.120567e-01 1.524204e-02 5.833795e-01 8.691557e+01
5.363972e-01 4.582948e-02 8.427204e-01 -2.217764e+00 -1.324792e-02 9.988587e-01 -4.588833e-02 -1.676120e+00 -8.438617e-01 1.345008e-02 5.363922e-01 8.708488e+01
4.887009e-01 4.923583e-02 8.710610e-01 -1.876109e+00 -1.422246e-02 9.987233e-01 -4.847243e-02 -1.689403e+00 -8.723354e-01 1.129989e-02 4.887772e-01 8.724449e+01
4.428465e-01 5.172183e-02 8.951044e-01 -1.529299e+00 -1.310659e-02 9.986015e-01 -5.121781e-02 -1.711343e+00 -8.965016e-01 1.094986e-02 4.429051e-01 8.738460e+01
4.005622e-01 4.971001e-02 9.149201e-01 -1.169991e+00 -4.337025e-03 9.986189e-01 -5.235879e-02 -1.730449e+00 -9.162593e-01 1.700492e-02 4.002246e-01 8.749918e+01
3.615800e-01 4.253230e-02 9.313705e-01 -7.984832e-01 1.234080e-02 9.986531e-01 -5.039584e-02 -1.748043e+00 -9.322594e-01 2.971598e-02 3.605681e-01 8.758853e+01
3.262757e-01 3.929116e-02 9.444577e-01 -4.295822e-01 1.776035e-02 9.987046e-01 -4.768349e-02 -1.766909e+00 -9.451078e-01 3.233186e-02 3.251552e-01 8.767882e+01
2.928943e-01 4.379183e-02 9.551415e-01 -6.071346e-02 1.646591e-02 9.985715e-01 -5.083231e-02 -1.786696e+00 -9.560030e-01 3.061577e-02 2.917548e-01 8.777475e+01
2.611959e-01 5.172429e-02 9.638990e-01 3.086252e-01 6.816885e-03 9.984396e-01 -5.542502e-02 -1.816789e+00 -9.652618e-01 2.104757e-02 2.604357e-01 8.787387e+01
2.326688e-01 5.638008e-02 9.709205e-01 6.938084e-01 3.516878e-03 9.982630e-01 -5.881060e-02 -1.846747e+00 -9.725497e-01 1.709800e-02 2.320663e-01 8.795719e+01
2.070912e-01 5.838860e-02 9.765777e-01 1.095995e+00 5.879329e-03 9.981251e-01 -6.092365e-02 -1.876081e+00 -9.783040e-01 1.835837e-02 2.063596e-01 8.802573e+01
1.840470e-01 6.013275e-02 9.810763e-01 1.514220e+00 1.445062e-02 9.978535e-01 -6.387196e-02 -1.899233e+00 -9.828112e-01 2.593260e-02 1.827830e-01 8.808383e+01
1.642710e-01 6.678745e-02 9.841516e-01 1.927078e+00 2.227842e-02 9.971995e-01 -7.139155e-02 -1.914162e+00 -9.861636e-01 3.365291e-02 1.623231e-01 8.812534e+01
1.445128e-01 7.387491e-02 9.867414e-01 2.351241e+00 2.483523e-02 9.966242e-01 -7.825205e-02 -1.930662e+00 -9.891912e-01 3.581437e-02 1.421902e-01 8.817360e+01
1.266806e-01 7.495172e-02 9.891078e-01 2.792863e+00 2.283935e-02 9.966565e-01 -7.844890e-02 -1.961937e+00 -9.916806e-01 3.252853e-02 1.245452e-01 8.822715e+01
1.111555e-01 7.069316e-02 9.912855e-01 3.251907e+00 2.140056e-02 9.970652e-01 -7.350504e-02 -2.004851e+00 -9.935726e-01 2.938455e-02 1.093164e-01 8.827210e+01
9.651223e-02 6.773160e-02 9.930246e-01 3.723077e+00 2.226644e-02 9.972854e-01 -7.018630e-02 -2.044216e+00 -9.950827e-01 2.888495e-02 9.474209e-02 8.831193e+01
8.341412e-02 6.555934e-02 9.943561e-01 4.206152e+00 2.542689e-02 9.973687e-01 -6.789097e-02 -2.079593e+00 -9.961905e-01 3.094644e-02 8.152766e-02 8.834088e+01
7.212635e-02 6.511029e-02 9.952680e-01 4.703679e+00 2.990825e-02 9.972770e-01 -6.740914e-02 -2.111129e+00 -9.969470e-01 3.462870e-02 6.998262e-02 8.836174e+01
6.207952e-02 6.596083e-02 9.958892e-01 5.218031e+00 3.332549e-02 9.971204e-01 -6.811975e-02 -2.148064e+00 -9.975147e-01 3.741733e-02 5.970258e-02 8.838468e+01
5.445994e-02 6.655330e-02 9.962955e-01 5.747431e+00 3.602898e-02 9.969956e-01 -6.856949e-02 -2.186918e+00 -9.978657e-01 3.962980e-02 5.189847e-02 8.840477e+01
4.896113e-02 6.710860e-02 9.965436e-01 6.295871e+00 3.770761e-02 9.969048e-01 -6.898553e-02 -2.228386e+00 -9.980886e-01 4.095489e-02 4.627908e-02 8.842508e+01
4.345265e-02 6.846450e-02 9.967068e-01 6.862220e+00 3.936078e-02 9.967572e-01 -7.018394e-02 -2.268761e+00 -9.982798e-01 4.228084e-02 4.061692e-02 8.844628e+01
3.740902e-02 6.930130e-02 9.968941e-01 7.443130e+00 3.975838e-02 9.966993e-01 -7.077972e-02 -2.312060e+00 -9.985088e-01 4.228270e-02 3.453023e-02 8.846606e+01
3.311837e-02 6.947245e-02 9.970340e-01 8.043784e+00 4.237004e-02 9.965868e-01 -7.084869e-02 -2.359129e+00 -9.985529e-01 4.459076e-02 3.006178e-02 8.848265e+01
3.027294e-02 6.979139e-02 9.971022e-01 8.663898e+00 4.401266e-02 9.964987e-01 -7.108542e-02 -2.401153e+00 -9.985722e-01 4.603708e-02 2.709524e-02 8.849665e+01
2.731290e-02 6.958134e-02 9.972023e-01 9.302221e+00 4.521294e-02 9.964676e-01 -7.076844e-02 -2.448422e+00 -9.986039e-01 4.701934e-02 2.407044e-02 8.851046e+01
2.494611e-02 6.919847e-02 9.972910e-01 9.955657e+00 4.699973e-02 9.964171e-01 -7.031348e-02 -2.498820e+00 -9.985834e-01 4.862645e-02 2.160442e-02 8.852156e+01
2.447849e-02 6.926029e-02 9.972983e-01 1.062951e+01 5.147285e-02 9.961866e-01 -7.044649e-02 -2.544982e+00 -9.983744e-01 5.305821e-02 2.082012e-02 8.853266e+01
2.578665e-02 6.925990e-02 9.972653e-01 1.131647e+01 5.451047e-02 9.960154e-01 -7.058259e-02 -2.595552e+00 -9.981802e-01 5.618149e-02 2.190851e-02 8.854117e+01
2.831589e-02 6.937217e-02 9.971889e-01 1.202242e+01 5.575317e-02 9.959264e-01 -7.086749e-02 -2.651453e+00 -9.980430e-01 5.760312e-02 2.433283e-02 8.855713e+01
3.173656e-02 6.970985e-02 9.970623e-01 1.273258e+01 5.721832e-02 9.958022e-01 -7.144301e-02 -2.703864e+00 -9.978571e-01 5.931759e-02 2.761466e-02 8.859089e+01
3.603490e-02 6.940369e-02 9.969376e-01 1.346379e+01 5.684845e-02 9.958278e-01 -7.138124e-02 -2.761075e+00 -9.977323e-01 5.924658e-02 3.193906e-02 8.861635e+01
4.016631e-02 6.787729e-02 9.968848e-01 1.422144e+01 5.774718e-02 9.958647e-01 -7.013457e-02 -2.821166e+00 -9.975229e-01 6.038434e-02 3.608048e-02 8.864522e+01
4.421995e-02 6.658773e-02 9.968002e-01 1.499302e+01 5.689757e-02 9.959888e-01 -6.905761e-02 -2.878939e+00 -9.974003e-01 5.976923e-02 4.025389e-02 8.867861e+01
4.803915e-02 6.467198e-02 9.967496e-01 1.577158e+01 5.300861e-02 9.963304e-01 -6.719958e-02 -2.939892e+00 -9.974379e-01 5.606452e-02 4.443469e-02 8.872409e+01
5.198773e-02 6.379192e-02 9.966082e-01 1.656570e+01 5.165852e-02 9.964498e-01 -6.647653e-02 -3.000278e+00 -9.973107e-01 5.493926e-02 4.850777e-02 8.876884e+01
5.582389e-02 6.504653e-02 9.963195e-01 1.737055e+01 4.846097e-02 9.965230e-01 -6.777508e-02 -3.060788e+00 -9.972639e-01 5.206608e-02 5.247757e-02 8.882282e+01
5.880329e-02 6.929295e-02 9.958618e-01 1.817695e+01 4.579851e-02 9.963503e-01 -7.203124e-02 -3.128322e+00 -9.972185e-01 4.984466e-02 5.541517e-02 8.887793e+01
5.979702e-02 7.469837e-02 9.954117e-01 1.898235e+01 3.969042e-02 9.962296e-01 -7.714405e-02 -3.196699e+00 -9.974212e-01 4.412130e-02 5.660676e-02 8.893610e+01
5.945553e-02 7.802517e-02 9.951769e-01 1.980023e+01 3.664220e-02 9.960981e-01 -8.028654e-02 -3.265375e+00 -9.975582e-01 4.123895e-02 5.636452e-02 8.899215e+01
5.948793e-02 7.771439e-02 9.951993e-01 2.061451e+01 3.406789e-02 9.962261e-01 -7.983097e-02 -3.338612e+00 -9.976475e-01 3.865332e-02 5.661586e-02 8.904648e+01
5.921581e-02 7.588099e-02 9.953570e-01 2.143301e+01 3.106605e-02 9.964837e-01 -7.781506e-02 -3.418043e+00 -9.977617e-01 3.552969e-02 5.665026e-02 8.910275e+01
5.913507e-02 7.480111e-02 9.954435e-01 2.225274e+01 3.151410e-02 9.965517e-01 -7.675650e-02 -3.493040e+00 -9.977524e-01 3.590951e-02 5.657387e-02 8.915188e+01
5.948607e-02 7.432501e-02 9.954583e-01 2.307324e+01 2.868256e-02 9.966852e-01 -7.613061e-02 -3.568413e+00 -9.978170e-01 3.308100e-02 5.715706e-02 8.920572e+01
5.928353e-02 7.473499e-02 9.954397e-01 2.388921e+01 2.656582e-02 9.967223e-01 -7.641341e-02 -3.645425e+00 -9.978876e-01 3.097473e-02 5.710382e-02 8.926325e+01
5.918788e-02 7.553716e-02 9.953848e-01 2.470480e+01 2.335520e-02 9.967552e-01 -7.702991e-02 -3.719978e+00 -9.979736e-01 2.780664e-02 5.723164e-02 8.932004e+01
5.766896e-02 7.706561e-02 9.953568e-01 2.551856e+01 2.043639e-02 9.967160e-01 -7.835490e-02 -3.794024e+00 -9.981266e-01 2.486015e-02 5.590463e-02 8.937710e+01
5.466833e-02 7.687756e-02 9.955407e-01 2.633685e+01 1.722574e-02 9.968107e-01 -7.792155e-02 -3.868138e+00 -9.983560e-01 2.140877e-02 5.316970e-02 8.943141e+01
5.066430e-02 7.578414e-02 9.958363e-01 2.715237e+01 1.440721e-02 9.969576e-01 -7.660245e-02 -3.942865e+00 -9.986118e-01 1.822824e-02 4.941832e-02 8.947985e+01
4.579962e-02 7.361816e-02 9.962343e-01 2.796491e+01 1.267964e-02 9.971576e-01 -7.426930e-02 -4.014608e+00 -9.988702e-01 1.603340e-02 4.473599e-02 8.951981e+01
3.951508e-02 7.174402e-02 9.966400e-01 2.877691e+01 1.062523e-02 9.973325e-01 -7.221514e-02 -4.086852e+00 -9.991625e-01 1.344312e-02 3.864738e-02 8.955491e+01
3.209601e-02 7.210794e-02 9.968803e-01 2.958816e+01 1.044625e-02 9.973155e-01 -7.247575e-02 -4.159334e+00 -9.994302e-01 1.273984e-02 3.125659e-02 8.958563e+01
2.328201e-02 7.329568e-02 9.970385e-01 3.039116e+01 1.031713e-02 9.972381e-01 -7.355127e-02 -4.230498e+00 -9.996757e-01 1.199899e-02 2.246151e-02 8.960522e+01
1.346427e-02 7.385695e-02 9.971780e-01 3.119256e+01 1.084320e-02 9.971989e-01 -7.400492e-02 -4.300265e+00 -9.998506e-01 1.180902e-02 1.262571e-02 8.961367e+01
3.214898e-03 7.307115e-02 9.973215e-01 3.199146e+01 1.225961e-02 9.972489e-01 -7.310535e-02 -4.370451e+00 -9.999197e-01 1.246180e-02 2.310229e-03 8.961532e+01
-7.329236e-03 7.219001e-02 9.973640e-01 3.278952e+01 1.215041e-02 9.973236e-01 -7.209780e-02 -4.439902e+00 -9.998993e-01 1.158996e-02 -8.186758e-03 8.960798e+01
-1.825466e-02 7.168011e-02 9.972606e-01 3.358151e+01 1.406255e-02 9.973466e-01 -7.142887e-02 -4.506077e+00 -9.997345e-01 1.272012e-02 -1.921422e-02 8.958981e+01
-2.932799e-02 7.216156e-02 9.969617e-01 3.436153e+01 1.432199e-02 9.973187e-01 -7.176608e-02 -4.574926e+00 -9.994672e-01 1.217372e-02 -3.028285e-02 8.956439e+01
-4.031752e-02 7.287839e-02 9.965256e-01 3.514004e+01 1.461148e-02 9.972729e-01 -7.234189e-02 -4.643522e+00 -9.990801e-01 1.164407e-02 -4.127243e-02 8.952915e+01
-5.105431e-02 7.407023e-02 9.959453e-01 3.591850e+01 1.403373e-02 9.972006e-01 -7.344419e-02 -4.711759e+00 -9.985973e-01 1.022719e-02 -5.195087e-02 8.949027e+01
-6.131585e-02 7.525783e-02 9.952772e-01 3.668269e+01 1.485750e-02 9.971117e-01 -7.448123e-02 -4.777984e+00 -9.980078e-01 1.022045e-02 -6.225690e-02 8.944021e+01
-7.077340e-02 7.602727e-02 9.945909e-01 3.744055e+01 1.565439e-02 9.970530e-01 -7.510154e-02 -4.846510e+00 -9.973696e-01 1.025452e-02 -7.175499e-02 8.938176e+01
-8.036174e-02 7.650318e-02 9.938256e-01 3.819638e+01 1.626476e-02 9.970182e-01 -7.543376e-02 -4.917807e+00 -9.966331e-01 1.010235e-02 -8.136642e-02 8.931809e+01
-8.977411e-02 7.679420e-02 9.929971e-01 3.894083e+01 1.698605e-02 9.969960e-01 -7.556779e-02 -4.990873e+00 -9.958173e-01 1.008307e-02 -9.080885e-02 8.925151e+01
-9.849337e-02 7.624466e-02 9.922126e-01 3.968031e+01 1.809696e-02 9.970329e-01 -7.481865e-02 -5.061172e+00 -9.949731e-01 1.058689e-02 -9.958093e-02 8.917999e+01
-1.060524e-01 7.503883e-02 9.915251e-01 4.041042e+01 1.927984e-02 9.971162e-01 -7.339982e-02 -5.134595e+00 -9.941736e-01 1.133222e-02 -1.071933e-01 8.910282e+01
-1.111907e-01 7.369918e-02 9.910626e-01 4.113629e+01 2.228107e-02 9.971806e-01 -7.165435e-02 -5.197889e+00 -9.935493e-01 1.411463e-02 -1.125193e-01 8.902150e+01
-1.150297e-01 7.226038e-02 9.907303e-01 4.185042e+01 2.515450e-02 9.972428e-01 -6.981479e-02 -5.262020e+00 -9.930435e-01 1.689056e-02 -1.165302e-01 8.893861e+01
-1.176696e-01 7.128898e-02 9.904907e-01 4.255071e+01 2.707903e-02 9.972794e-01 -6.856062e-02 -5.325550e+00 -9.926835e-01 1.875403e-02 -1.192799e-01 8.885282e+01
-1.196686e-01 7.042072e-02 9.903133e-01 4.323896e+01 2.684515e-02 9.973461e-01 -6.767688e-02 -5.388122e+00 -9.924509e-01 1.848631e-02 -1.212414e-01 8.877401e+01
-1.204879e-01 7.085085e-02 9.901832e-01 4.390755e+01 2.692751e-02 9.973161e-01 -6.808463e-02 -5.448159e+00 -9.923495e-01 1.845980e-02 -1.220724e-01 8.869191e+01
-1.194194e-01 7.199189e-02 9.902304e-01 4.455837e+01 2.731427e-02 9.972283e-01 -6.920662e-02 -5.505734e+00 -9.924681e-01 1.878281e-02 -1.210548e-01 8.860922e+01
-1.164489e-01 7.380969e-02 9.904503e-01 4.519228e+01 2.778327e-02 9.970866e-01 -7.103771e-02 -5.559841e+00 -9.928080e-01 1.924568e-02 -1.181603e-01 8.853575e+01
-1.113129e-01 7.448902e-02 9.909898e-01 4.580949e+01 2.734130e-02 9.970390e-01 -7.187260e-02 -5.614751e+00 -9.934092e-01 1.909460e-02 -1.130199e-01 8.846857e+01
-1.032549e-01 7.530604e-02 9.918001e-01 4.640220e+01 2.621333e-02 9.969895e-01 -7.297103e-02 -5.668764e+00 -9.943095e-01 1.846377e-02 -1.049181e-01 8.840779e+01
-9.221936e-02 7.547407e-02 9.928742e-01 4.698256e+01 2.415148e-02 9.969995e-01 -7.354443e-02 -5.718930e+00 -9.954458e-01 1.719717e-02 -9.376546e-02 8.836252e+01
-7.844028e-02 7.587661e-02 9.940271e-01 4.754366e+01 2.250698e-02 9.969800e-01 -7.432595e-02 -5.772710e+00 -9.966647e-01 1.654240e-02 -7.991114e-02 8.832735e+01
-6.130449e-02 7.734798e-02 9.951176e-01 4.808538e+01 2.010491e-02 9.968863e-01 -7.624689e-02 -5.823664e+00 -9.979166e-01 1.533248e-02 -6.266867e-02 8.830580e+01
-4.013932e-02 7.994915e-02 9.959904e-01 4.861464e+01 1.683558e-02 9.967064e-01 -7.932813e-02 -5.874972e+00 -9.990522e-01 1.358390e-02 -4.135311e-02 8.829899e+01
-1.562945e-02 8.317822e-02 9.964121e-01 4.914235e+01 1.320988e-02 9.964640e-01 -8.297535e-02 -5.924750e+00 -9.997906e-01 1.186562e-02 -1.667296e-02 8.830778e+01
1.255392e-02 8.532928e-02 9.962737e-01 4.966294e+01 9.871404e-03 9.962931e-01 -8.545533e-02 -5.971460e+00 -9.998725e-01 1.090742e-02 1.166507e-02 8.833627e+01
4.570053e-02 8.531938e-02 9.953050e-01 5.018825e+01 6.139525e-03 9.963032e-01 -8.568685e-02 -6.017589e+00 -9.989363e-01 1.002664e-02 4.500776e-02 8.838075e+01
8.386965e-02 8.356378e-02 9.929668e-01 5.070121e+01 3.143626e-03 9.964505e-01 -8.412248e-02 -6.058571e+00 -9.964718e-01 1.017684e-02 8.330926e-02 8.844588e+01
1.260593e-01 8.024923e-02 9.887715e-01 5.120514e+01 -1.411055e-03 9.967362e-01 -8.071574e-02 -6.104147e+00 -9.920217e-01 8.779763e-03 1.257611e-01 8.853149e+01
1.715369e-01 7.658048e-02 9.821968e-01 5.169880e+01 -6.082816e-03 9.970376e-01 -7.667525e-02 -6.146200e+00 -9.851589e-01 7.178116e-03 1.714946e-01 8.864003e+01
2.200840e-01 7.389933e-02 9.726777e-01 5.218786e+01 -1.321045e-02 9.972607e-01 -7.277795e-02 -6.188353e+00 -9.753915e-01 3.167749e-03 2.204573e-01 8.877756e+01
2.718172e-01 7.271426e-02 9.595979e-01 5.266104e+01 -2.012745e-02 9.973528e-01 -6.987384e-02 -6.229283e+00 -9.621384e-01 -3.213530e-04 2.725612e-01 8.894035e+01
3.271130e-01 7.302864e-02 9.421592e-01 5.311790e+01 -2.385836e-02 9.973298e-01 -6.902152e-02 -6.264933e+00 -9.446840e-01 9.946310e-05 3.279819e-01 8.912763e+01
3.859003e-01 7.410955e-02 9.195590e-01 5.356074e+01 -2.499351e-02 9.972421e-01 -6.988151e-02 -6.299527e+00 -9.222019e-01 3.984290e-03 3.866883e-01 8.933959e+01
4.462003e-01 7.777998e-02 8.915467e-01 5.397865e+01 -2.820063e-02 9.969433e-01 -7.286113e-02 -6.339328e+00 -8.944887e-01 7.368482e-03 4.470299e-01 8.958224e+01
5.064484e-01 8.094584e-02 8.584624e-01 5.437284e+01 -3.046277e-02 9.966421e-01 -7.600357e-02 -6.380228e+00 -8.617320e-01 1.234075e-02 5.072137e-01 8.984832e+01
5.645611e-01 8.526605e-02 8.209753e-01 5.473640e+01 -3.786391e-02 9.962781e-01 -7.743499e-02 -6.415811e+00 -8.245224e-01 1.263145e-02 5.656884e-01 9.014898e+01
6.205241e-01 8.743733e-02 7.792974e-01 5.507827e+01 -4.399145e-02 9.960808e-01 -7.673179e-02 -6.452014e+00 -7.829525e-01 1.333150e-02 6.219387e-01 9.047311e+01
6.737550e-01 8.756574e-02 7.337482e-01 5.540295e+01 -4.768919e-02 9.960367e-01 -7.507733e-02 -6.487864e+00 -7.374144e-01 1.559187e-02 6.752606e-01 9.081880e+01
7.232535e-01 8.440207e-02 6.854054e-01 5.570633e+01 -4.942462e-02 9.962844e-01 -7.053043e-02 -6.528503e+00 -6.888117e-01 1.713548e-02 7.247378e-01 9.118015e+01
7.687179e-01 8.072520e-02 6.344731e-01 5.597637e+01 -5.354882e-02 9.966432e-01 -6.192585e-02 -6.561002e+00 -6.373423e-01 1.362822e-02 7.704603e-01 9.155914e+01
8.102415e-01 7.521867e-02 5.812494e-01 5.622091e+01 -5.570576e-02 9.971241e-01 -5.138453e-02 -6.592913e+00 -5.834429e-01 9.254937e-03 8.121014e-01 9.195651e+01
8.465863e-01 7.262475e-02 5.272735e-01 5.642677e+01 -5.958356e-02 9.973518e-01 -4.170472e-02 -6.619458e+00 -5.289059e-01 3.889815e-03 8.486716e-01 9.236686e+01
8.776574e-01 6.909873e-02 4.742815e-01 5.661636e+01 -6.171715e-02 9.976079e-01 -3.113536e-02 -6.643044e+00 -4.752984e-01 -1.945127e-03 8.798225e-01 9.279645e+01
9.028479e-01 6.988909e-02 4.242418e-01 5.676532e+01 -6.652610e-02 9.975252e-01 -2.275396e-02 -6.665188e+00 -4.247822e-01 -7.679790e-03 9.052630e-01 9.322316e+01
9.226568e-01 7.215581e-02 3.788112e-01 5.690512e+01 -7.117080e-02 9.973256e-01 -1.662203e-02 -6.681145e+00 -3.789975e-01 -1.162386e-02 9.253247e-01 9.367774e+01
9.374491e-01 7.793300e-02 3.392870e-01 5.702034e+01 -7.864934e-02 9.968341e-01 -1.166127e-02 -6.693409e+00 -3.391217e-01 -1.575285e-02 9.406106e-01 9.412504e+01
9.489917e-01 8.261473e-02 3.042852e-01 5.712647e+01 -8.332292e-02 9.964654e-01 -1.068061e-02 -6.700608e+00 -3.040921e-01 -1.521813e-02 9.525211e-01 9.458435e+01
9.581068e-01 8.475362e-02 2.735841e-01 5.723271e+01 -8.562997e-02 9.962885e-01 -8.759294e-03 -6.705930e+00 -2.733111e-01 -1.503466e-02 9.618082e-01 9.505408e+01
9.645325e-01 7.956514e-02 2.516872e-01 5.734463e+01 -8.026864e-02 9.967451e-01 -7.487289e-03 -6.713425e+00 -2.514637e-01 -1.298086e-02 9.677797e-01 9.552684e+01
9.687168e-01 7.647955e-02 2.360903e-01 5.745401e+01 -7.722727e-02 9.969949e-01 -6.092443e-03 -6.722450e+00 -2.358468e-01 -1.233076e-02 9.717120e-01 9.601211e+01
9.714091e-01 8.044841e-02 2.233660e-01 5.754923e+01 -8.120781e-02 9.966803e-01 -5.799174e-03 -6.728295e+00 -2.230910e-01 -1.250569e-02 9.747174e-01 9.650662e+01
9.730640e-01 8.625327e-02 2.137917e-01 5.764073e+01 -8.721048e-02 9.961775e-01 -4.968350e-03 -6.730210e+00 -2.134030e-01 -1.381035e-02 9.768666e-01 9.701045e+01
9.735921e-01 9.451093e-02 2.078125e-01 5.773100e+01 -9.532362e-02 9.954275e-01 -6.123091e-03 -6.731728e+00 -2.074410e-01 -1.384805e-02 9.781495e-01 9.752415e+01
9.736063e-01 1.009224e-01 2.047083e-01 5.782452e+01 -1.011134e-01 9.948290e-01 -9.554471e-03 -6.741608e+00 -2.046140e-01 -1.139647e-02 9.787764e-01 9.804681e+01
9.736629e-01 1.023029e-01 2.037515e-01 5.793113e+01 -1.019935e-01 9.947121e-01 -1.204712e-02 -6.754761e+00 -2.039065e-01 -9.051492e-03 9.789485e-01 9.857654e+01
9.732801e-01 1.013248e-01 2.060559e-01 5.804399e+01 -1.001971e-01 9.948401e-01 -1.592811e-02 -6.766832e+00 -2.066066e-01 -5.143700e-03 9.784106e-01 9.912201e+01
9.726303e-01 1.002362e-01 2.096260e-01 5.816391e+01 -9.764669e-02 9.949624e-01 -2.269317e-02 -6.779910e+00 -2.108446e-01 1.602787e-03 9.775183e-01 9.967134e+01
9.717718e-01 1.008068e-01 2.133018e-01 5.828994e+01 -9.709011e-02 9.948857e-01 -2.785613e-02 -6.792391e+00 -2.150189e-01 6.360313e-03 9.765892e-01 1.002360e+02
9.701857e-01 1.064655e-01 2.177267e-01 5.840967e+01 -1.028564e-01 9.943055e-01 -2.787609e-02 -6.809368e+00 -2.194547e-01 4.650391e-03 9.756116e-01 1.008179e+02
9.684568e-01 1.099237e-01 2.236250e-01 5.853701e+01 -1.071507e-01 9.939400e-01 -2.453543e-02 -6.823833e+00 -2.249669e-01 -2.000882e-04 9.743664e-01 1.014157e+02
9.675357e-01 1.073973e-01 2.287805e-01 5.867688e+01 -1.055218e-01 9.942067e-01 -2.045212e-02 -6.842096e+00 -2.296516e-01 -4.353159e-03 9.732632e-01 1.020181e+02
9.669445e-01 1.037628e-01 2.329197e-01 5.883164e+01 -1.030366e-01 9.945596e-01 -1.531679e-02 -6.857462e+00 -2.332419e-01 -9.188778e-03 9.723753e-01 1.026401e+02
9.661950e-01 1.016756e-01 2.369163e-01 5.898419e+01 -1.019429e-01 9.947277e-01 -1.115502e-02 -6.871105e+00 -2.368014e-01 -1.337402e-02 9.714660e-01 1.032700e+02
9.658650e-01 9.752903e-02 2.399850e-01 5.913900e+01 -9.777978e-02 9.951485e-01 -1.089149e-02 -6.883729e+00 -2.398830e-01 -1.294598e-02 9.707155e-01 1.039031e+02
9.661467e-01 9.440879e-02 2.400990e-01 5.930168e+01 -9.376412e-02 9.954941e-01 -1.413375e-02 -6.900331e+00 -2.403515e-01 -8.857401e-03 9.706455e-01 1.045436e+02
9.663988e-01 9.405432e-02 2.392221e-01 5.946093e+01 -9.160266e-02 9.955663e-01 -2.137180e-02 -6.915447e+00 -2.401715e-01 -1.259696e-03 9.707296e-01 1.051962e+02
9.664244e-01 9.686823e-02 2.379923e-01 5.961503e+01 -9.283479e-02 9.952842e-01 -2.812533e-02 -6.932839e+00 -2.395945e-01 5.087035e-03 9.708597e-01 1.058566e+02
9.668063e-01 1.000733e-01 2.350978e-01 5.977003e+01 -9.521836e-02 9.949438e-01 -3.194236e-02 -6.948191e+00 -2.371057e-01 8.496441e-03 9.714467e-01 1.065312e+02
9.674388e-01 9.884593e-02 2.330055e-01 5.993289e+01 -9.498167e-02 9.950915e-01 -2.777523e-02 -6.966757e+00 -2.346072e-01 4.739582e-03 9.720787e-01 1.072264e+02
9.680109e-01 9.530611e-02 2.321026e-01 6.010197e+01 -9.314182e-02 9.954461e-01 -2.029186e-02 -6.987812e+00 -2.329796e-01 -1.975717e-03 9.724796e-01 1.079408e+02
9.683950e-01 9.634785e-02 2.300615e-01 6.026664e+01 -9.556242e-02 9.953166e-01 -1.458068e-02 -7.009024e+00 -2.303888e-01 -7.865372e-03 9.730669e-01 1.086564e+02
9.684033e-01 1.002151e-01 2.283682e-01 6.042082e+01 -9.937481e-02 9.949339e-01 -1.520566e-02 -7.031890e+00 -2.287351e-01 -7.968832e-03 9.734561e-01 1.093823e+02
9.682711e-01 1.064313e-01 2.261048e-01 6.056798e+01 -1.046783e-01 9.943097e-01 -1.976379e-02 -7.051694e+00 -2.269217e-01 -4.531559e-03 9.739025e-01 1.101132e+02
9.690697e-01 1.079967e-01 2.219022e-01 6.072730e+01 -1.050601e-01 9.941508e-01 -2.503067e-02 -7.068101e+00 -2.233075e-01 9.433850e-04 9.747476e-01 1.108530e+02
9.701137e-01 1.071719e-01 2.177006e-01 6.089356e+01 -1.035980e-01 9.942307e-01 -2.779873e-02 -7.090366e+00 -2.194239e-01 4.414580e-03 9.756196e-01 1.116076e+02
9.711424e-01 1.053341e-01 2.139795e-01 6.105752e+01 -1.020616e-01 9.944299e-01 -2.631571e-02 -7.115095e+00 -2.155596e-01 3.717212e-03 9.764836e-01 1.123708e+02
9.722642e-01 1.014555e-01 2.107345e-01 6.122478e+01 -9.854733e-02 9.948360e-01 -2.428411e-02 -7.140902e+00 -2.121100e-01 2.843250e-03 9.772417e-01 1.131436e+02
9.726435e-01 1.010501e-01 2.091734e-01 6.139008e+01 -9.871544e-02 9.948813e-01 -2.159902e-02 -7.165769e+00 -2.102853e-01 3.595060e-04 9.776400e-01 1.139359e+02
