9.999843e-01 -2.624558e-03 -4.952162e-03 3.695929e-02 2.612010e-03 9.999934e-01 -2.538584e-03 1.544579e-03 4.958792e-03 2.525609e-03 9.999845e-01 6.662590e-01
9.999048e-01 -8.482248e-03 -1.088250e-02 5.760216e-02 8.467587e-03 9.999632e-01 -1.392509e-03 -3.348845e-02 1.089392e-02 1.300228e-03 9.999398e-01 1.357009e+00
9.998564e-01 -7.505482e-03 -1.519284e-02 4.573270e-02 7.459415e-03 9.999674e-01 -3.086542e-03 -2.936550e-02 1.521552e-02 2.972769e-03 9.998798e-01 2.075215e+00
9.997876e-01 -4.965576e-03 -2.000252e-02 -3.635875e-03 4.885887e-03 9.999799e-01 -4.030843e-03 -3.668769e-02 2.002213e-02 3.932257e-03 9.997918e-01 2.863461e+00
9.996251e-01 -4.968199e-03 -2.692527e-02 1.082664e-02 4.797811e-03 9.999681e-01 -6.389111e-03 -3.647664e-03 2.695615e-02 6.257534e-03 9.996170e-01 3.705319e+00
9.994886e-01 -4.322998e-03 -3.168471e-02 -1.131261e-02 4.091317e-03 9.999644e-01 -7.373266e-03 -1.736367e-02 3.171545e-02 7.239863e-03 9.994707e-01 4.429934e+00
9.993291e-01 -3.814304e-03 -3.642532e-02 -6.255765e-02 3.539945e-03 9.999649e-01 -7.593620e-03 -2.321718e-02 3.645300e-02 7.459582e-03 9.993075e-01 5.221595e+00
9.990707e-01 -3.415922e-03 -4.296556e-02 -5.364521e-02 3.222863e-03 9.999844e-01 -4.561824e-03 -6.314139e-02 4.298047e-02 4.419113e-03 9.990661e-01 6.009355e+00
9.989327e-01 -3.530176e-03 -4.605480e-02 -1.137909e-01 3.390405e-03 9.999894e-01 -3.112640e-03 -5.388843e-02 4.606530e-02 2.953174e-03 9.989341e-01 6.831048e+00
9.987686e-01 -2.576255e-03 -4.954466e-02 -1.649899e-01 2.558632e-03 9.999966e-01 -4.191130e-04 -7.905709e-02 4.954557e-02 2.918303e-04 9.987718e-01 7.659643e+00
9.986592e-01 -6.374607e-04 -5.176297e-02 -2.271408e-01 5.931790e-04 9.999994e-01 -8.708293e-04 -9.629029e-02 5.176350e-02 8.389570e-04 9.986590e-01 8.478686e+00
9.988761e-01 4.434475e-05 -4.739813e-02 -3.524342e-01 -5.961941e-05 9.999999e-01 -3.208490e-04 -1.322187e-01 4.739812e-02 3.233143e-04 9.988760e-01 9.208356e+00
9.988189e-01 -2.719376e-03 -4.851194e-02 -4.112751e-01 2.658840e-03 9.999956e-01 -1.312357e-03 -1.358486e-01 4.851529e-02 1.181821e-03 9.988217e-01 1.005104e+01
9.984775e-01 -1.898119e-03 -5.512855e-02 -3.516585e-01 1.981637e-03 9.999970e-01 1.460334e-03 -1.905936e-01 5.512561e-02 -1.567356e-03 9.984782e-01 1.092885e+01
9.984268e-01 -5.277203e-04 -5.606750e-02 -4.131633e-01 5.846444e-04 9.999993e-01 9.988795e-04 -2.057719e-01 5.606694e-02 -1.030088e-03 9.984265e-01 1.174413e+01
9.983421e-01 1.650889e-03 -5.753467e-02 -4.937160e-01 -1.733111e-03 9.999975e-01 -1.379209e-03 -2.175857e-01 5.753225e-02 1.476636e-03 9.983426e-01 1.259061e+01
9.981368e-01 -2.852409e-03 -6.094845e-02 -5.349560e-01 2.576867e-03 9.999861e-01 -4.599027e-03 -1.892879e-01 6.096072e-02 4.433402e-03 9.981303e-01 1.352262e+01
9.980125e-01 4.491946e-04 -6.301421e-02 -5.974262e-01 -7.828499e-04 9.999858e-01 -5.270331e-03 -2.136767e-01 6.301095e-02 5.309187e-03 9.979987e-01 1.440324e+01
9.979881e-01 2.854922e-03 -6.333767e-02 -7.072169e-01 -3.231089e-03 9.999777e-01 -5.837438e-03 -2.236930e-01 6.331959e-02 6.030343e-03 9.979751e-01 1.533883e+01
9.979271e-01 -7.182446e-04 -6.435036e-02 -8.507620e-01 4.308609e-04 9.999899e-01 -4.479689e-03 -2.116375e-01 6.435292e-02 4.442677e-03 9.979173e-01 1.643075e+01
9.977175e-01 1.309029e-03 -6.751284e-02 -8.884430e-01 -1.821140e-03 9.999700e-01 -7.524397e-03 -1.682182e-01 6.750097e-02 7.630174e-03 9.976900e-01 1.737232e+01
9.973184e-01 5.208274e-04 -7.318239e-02 -8.775730e-01 -1.081975e-03 9.999703e-01 -7.628355e-03 -1.732243e-01 7.317625e-02 7.687080e-03 9.972894e-01 1.834046e+01
9.971757e-01 5.458453e-04 -7.510224e-02 -9.480353e-01 -1.166418e-03 9.999655e-01 -8.219423e-03 -1.956114e-01 7.509517e-02 8.283809e-03 9.971420e-01 1.925128e+01
9.971514e-01 -1.338788e-03 -7.541438e-02 -1.025947e+00 7.371389e-04 9.999677e-01 -8.005182e-03 -2.183893e-01 7.542266e-02 7.926787e-03 9.971201e-01 2.017499e+01
9.970107e-01 -6.828791e-04 -7.726015e-02 -1.096426e+00 8.283280e-05 9.999698e-01 -7.769508e-03 -2.154222e-01 7.726312e-02 7.739883e-03 9.969807e-01 2.113576e+01
9.970090e-01 3.582972e-04 -7.728410e-02 -1.173712e+00 -7.289093e-04 9.999884e-01 -4.767295e-03 -2.251774e-01 7.728149e-02 4.809370e-03 9.969977e-01 2.206880e+01
9.970946e-01 2.383947e-03 -7.613596e-02 -1.259422e+00 -2.469560e-03 9.999964e-01 -1.030355e-03 -2.436450e-01 7.613323e-02 1.215384e-03 9.970969e-01 2.298984e+01
9.971978e-01 -7.409521e-04 -7.480585e-02 -1.320391e+00 8.815157e-04 9.999979e-01 1.846046e-03 -2.531022e-01 7.480433e-02 -1.906816e-03 9.971964e-01 2.391608e+01
9.972897e-01 -1.390381e-03 -7.356143e-02 -1.388838e+00 1.588717e-03 9.999953e-01 2.637743e-03 -2.622878e-01 7.355741e-02 -2.747462e-03 9.972872e-01 2.485756e+01
9.973004e-01 -4.648516e-04 -7.342761e-02 -1.434943e+00 5.307107e-04 9.999995e-01 8.774174e-04 -3.036610e-01 7.342716e-02 -9.140175e-04 9.973002e-01 2.580004e+01
9.973170e-01 1.008458e-03 -7.319756e-02 -1.472503e+00 -1.276272e-03 9.999927e-01 -3.612103e-03 -3.290818e-01 7.319338e-02 3.695832e-03 9.973109e-01 2.670714e+01
9.974051e-01 3.940305e-04 -7.199181e-02 -1.544523e+00 -8.659881e-04 9.999783e-01 -6.524618e-03 -3.395935e-01 7.198768e-02 6.570031e-03 9.973839e-01 2.766978e+01
9.974535e-01 -1.502340e-03 -7.130411e-02 -1.620314e+00 1.054032e-03 9.999794e-01 -6.324475e-03 -3.344643e-01 7.131215e-02 6.233213e-03 9.974346e-01 2.865660e+01
9.974550e-01 -2.653750e-03 -7.124953e-02 -1.715172e+00 2.541698e-03 9.999954e-01 -1.663285e-03 -3.459530e-01 7.125361e-02 1.477957e-03 9.974571e-01 2.967476e+01
9.974145e-01 -6.616753e-03 -7.155813e-02 -1.793681e+00 6.807581e-03 9.999739e-01 2.423199e-03 -3.882585e-01 7.154023e-02 -2.904072e-03 9.974335e-01 3.057071e+01
9.972289e-01 -1.480989e-02 -7.290520e-02 -1.852970e+00 1.511431e-02 9.998792e-01 3.625727e-03 -4.164192e-01 7.284270e-02 -4.717592e-03 9.973323e-01 3.155902e+01
9.971007e-01 -1.559178e-02 -7.447915e-02 -1.902552e+00 1.560140e-02 9.998782e-01 -4.525769e-04 -4.329909e-01 7.447714e-02 -7.107144e-04 9.972225e-01 3.249970e+01
9.970210e-01 -1.460099e-02 -7.573575e-02 -1.975359e+00 1.431651e-02 9.998883e-01 -4.297796e-03 -4.497416e-01 7.579004e-02 3.200721e-03 9.971187e-01 3.344249e+01
9.969241e-01 -1.129290e-02 -7.755521e-02 -2.050479e+00 1.092649e-02 9.999271e-01 -5.147194e-03 -4.690536e-01 7.760768e-02 4.283955e-03 9.969748e-01 3.439307e+01
9.967518e-01 -1.081048e-02 -7.980537e-02 -2.079334e+00 1.057934e-02 9.999385e-01 -3.318571e-03 -4.975892e-01 7.983634e-02 2.463504e-03 9.968049e-01 3.539393e+01
9.967428e-01 -5.937206e-03 -8.042723e-02 -2.216123e+00 5.809803e-03 9.999815e-01 -1.817997e-03 -4.984273e-01 8.043654e-02 1.344809e-03 9.967588e-01 3.644691e+01
9.966424e-01 -4.887931e-03 -8.173099e-02 -2.304301e+00 4.866035e-03 9.999881e-01 -4.670852e-04 -5.184422e-01 8.173229e-02 6.781110e-05 9.966543e-01 3.745493e+01
9.964535e-01 -3.545964e-03 -8.407035e-02 -2.364523e+00 3.835594e-03 9.999873e-01 3.283825e-03 -5.548843e-01 8.405763e-02 -3.594639e-03 9.964544e-01 3.846004e+01
9.964826e-01 -3.822052e-04 -8.379919e-02 -2.419462e+00 8.880009e-04 9.999816e-01 5.998617e-03 -5.940465e-01 8.379536e-02 -6.051931e-03 9.964646e-01 3.939123e+01
9.962318e-01 6.794646e-03 -8.646365e-02 -2.430358e+00 -6.010111e-03 9.999384e-01 9.330662e-03 -6.422135e-01 8.652172e-02 -8.775846e-03 9.962113e-01 4.028908e+01
9.962107e-01 7.951206e-03 -8.660789e-02 -2.527581e+00 -7.256732e-03 9.999390e-01 8.330491e-03 -6.464208e-01 8.666884e-02 -7.670434e-03 9.962076e-01 4.129740e+01
9.962115e-01 1.071797e-02 -8.630071e-02 -2.619850e+00 -1.016852e-02 9.999252e-01 6.803819e-03 -6.702502e-01 8.636718e-02 -5.900492e-03 9.962459e-01 4.229892e+01
9.962095e-01 1.446903e-02 -8.577421e-02 -2.725981e+00 -1.423579e-02 9.998931e-01 3.330297e-03 -6.556226e-01 8.581323e-02 -2.096610e-03 9.963090e-01 4.326973e+01
9.959850e-01 1.850001e-02 -8.758839e-02 -2.807165e+00 -1.790069e-02 9.998107e-01 7.622976e-03 -7.924279e-01 8.771284e-02 -6.024477e-03 9.961276e-01 4.429414e+01
9.958473e-01 1.818176e-02 -8.920482e-02 -2.823001e+00 -1.746021e-02 9.998083e-01 8.862357e-03 -8.244737e-01 8.934885e-02 -7.268020e-03 9.959739e-01 4.512293e+01
9.956561e-01 2.062394e-02 -9.079398e-02 -2.899094e+00 -1.981030e-02 9.997552e-01 9.853571e-03 -8.397602e-01 9.097497e-02 -8.012112e-03 9.958209e-01 4.612050e+01
9.954979e-01 2.488526e-02 -9.145820e-02 -2.963347e+00 -2.441275e-02 9.996822e-01 6.281574e-03 -8.623682e-01 9.158546e-02 -4.020547e-03 9.957891e-01 4.705316e+01
9.954709e-01 2.288536e-02 -9.227137e-02 -3.081960e+00 -2.277522e-02 9.997381e-01 2.246579e-03 -8.655646e-01 9.229862e-02 -1.349029e-04 9.957314e-01 4.802895e+01
9.953555e-01 2.534423e-02 -9.287162e-02 -3.198916e+00 -2.544041e-02 9.996763e-01 1.483749e-04 -8.718043e-01 9.284532e-02 2.215006e-03 9.956781e-01 4.901843e+01
9.953567e-01 2.466113e-02 -9.304193e-02 -3.285274e+00 -2.442654e-02 9.996949e-01 3.659497e-03 -8.940794e-01 9.310379e-02 -1.369813e-03 9.956555e-01 4.997987e+01
9.954293e-01 2.128473e-02 -9.309914e-02 -3.386943e+00 -2.061421e-02 9.997542e-01 8.157988e-03 -9.575742e-01 9.324990e-02 -6.201534e-03 9.956234e-01 5.098879e+01
9.953179e-01 7.911322e-03 -9.633139e-02 -3.414079e+00 -6.789151e-03 9.999053e-01 1.197127e-02 -9.460095e-01 9.641697e-02 -1.126122e-02 9.952773e-01 5.194917e+01
9.953670e-01 5.656353e-03 -9.598201e-02 -3.515561e+00 -4.676662e-03 9.999347e-01 1.042892e-02 -9.460680e-01 9.603474e-02 -9.931726e-03 9.953284e-01 5.290030e+01
9.953519e-01 4.098895e-03 -9.621721e-02 -3.612329e+00 -3.279616e-03 9.999570e-01 8.671488e-03 -9.436519e-01 9.624862e-02 -8.315627e-03 9.953226e-01 5.386429e+01
9.952568e-01 3.949919e-03 -9.720230e-02 -3.708435e+00 -3.044398e-03 9.999506e-01 9.462384e-03 -9.443592e-01 9.723488e-02 -9.121579e-03 9.952197e-01 5.481513e+01
9.950823e-01 1.518464e-03 -9.903982e-02 -3.768310e+00 4.591303e-05 9.998753e-01 1.579124e-02 -9.940454e-01 9.905145e-02 -1.571813e-02 9.949582e-01 5.573309e+01
9.949766e-01 -5.191308e-04 -1.001065e-01 -3.818327e+00 2.567840e-03 9.997899e-01 2.033753e-02 -9.665769e-01 1.000749e-01 -2.049243e-02 9.947689e-01 5.663314e+01
9.949179e-01 -6.452532e-04 -1.006875e-01 -3.930284e+00 3.034305e-03 9.997174e-01 2.357605e-02 -9.988873e-01 1.006439e-01 -2.376175e-02 9.946387e-01 5.761727e+01
9.946231e-01 1.494566e-03 -1.035503e-01 -3.967424e+00 5.348561e-04 9.998084e-01 1.956789e-02 -1.003198e+00 1.035597e-01 -1.951806e-02 9.944317e-01 5.851084e+01
9.944472e-01 5.439148e-03 -1.050958e-01 -4.050247e+00 -4.205891e-03 9.999197e-01 1.195266e-02 -1.021139e+00 1.051524e-01 -1.144427e-02 9.943903e-01 5.934723e+01
9.943588e-01 6.948850e-03 -1.058404e-01 -4.154643e+00 -6.186627e-03 9.999525e-01 7.528248e-03 -1.031816e+00 1.058877e-01 -6.830985e-03 9.943546e-01 6.022383e+01
9.942011e-01 1.145161e-02 -1.069251e-01 -4.260381e+00 -1.059912e-02 9.999074e-01 8.537669e-03 -1.039508e+00 1.070129e-01 -7.354849e-03 9.942304e-01 6.113001e+01
9.941770e-01 1.573866e-02 -1.066036e-01 -4.409479e+00 -1.467616e-02 9.998346e-01 1.074406e-02 -1.036962e+00 1.067551e-01 -9.116962e-03 9.942436e-01 6.198877e+01
9.940416e-01 1.922868e-02 -1.072919e-01 -4.514530e+00 -1.789251e-02 9.997501e-01 1.340244e-02 -1.058302e+00 1.075228e-01 -1.140286e-02 9.941372e-01 6.286238e+01
9.940298e-01 1.991352e-02 -1.072759e-01 -4.688676e+00 -1.856155e-02 9.997354e-01 1.358667e-02 -1.074672e+00 1.075181e-01 -1.151435e-02 9.941364e-01 6.377153e+01
9.938295e-01 2.171573e-02 -1.087720e-01 -4.801312e+00 -2.026531e-02 9.996906e-01 1.442241e-02 -1.077808e+00 1.090515e-01 -1.212912e-02 9.939621e-01 6.464828e+01
9.935967e-01 2.401371e-02 -1.104035e-01 -4.874560e+00 -2.248111e-02 9.996331e-01 1.510585e-02 -1.096949e+00 1.107258e-01 -1.252713e-02 9.937720e-01 6.546044e+01
9.934287e-01 2.497398e-02 -1.116944e-01 -4.978575e+00 -2.337713e-02 9.996053e-01 1.558364e-02 -1.099343e+00 1.120395e-01 -1.287015e-02 9.936204e-01 6.630104e+01
9.934287e-01 2.497398e-02 -1.116944e-01 -5.115114e+00 -2.337713e-02 9.996053e-01 1.558364e-02 -1.065003e+00 1.120395e-01 -1.287015e-02 9.936204e-01 6.709544e+01
9.932087e-01 3.386361e-02 -1.113090e-01 -5.236268e+00 -3.167315e-02 9.992694e-01 2.138925e-02 -1.088423e+00 1.119519e-01 -1.771848e-02 9.935556e-01 6.790276e+01
9.930468e-01 3.529834e-02 -1.123031e-01 -5.334631e+00 -3.262284e-02 9.991405e-01 2.557357e-02 -1.093441e+00 1.131093e-01 -2.173211e-02 9.933449e-01 6.870101e+01
9.927874e-01 3.803193e-02 -1.136960e-01 -5.439391e+00 -3.516448e-02 9.990135e-01 2.712102e-02 -1.085306e+00 1.146153e-01 -2.292735e-02 9.931453e-01 6.948068e+01
9.924496e-01 4.027697e-02 -1.158512e-01 -5.527719e+00 -3.786066e-02 9.990187e-01 2.298331e-02 -1.090589e+00 1.166633e-01 -1.842357e-02 9.930006e-01 7.019799e+01
9.923367e-01 4.008058e-02 -1.168819e-01 -5.642362e+00 -3.853603e-02 9.991378e-01 1.544556e-02 -1.087535e+00 1.174002e-01 -1.082303e-02 9.930257e-01 7.094346e+01
9.921731e-01 3.945760e-02 -1.184717e-01 -5.727345e+00 -3.857094e-02 9.992081e-01 9.768584e-03 -1.094159e+00 1.187634e-01 -5.122561e-03 9.929094e-01 7.165070e+01
9.920868e-01 4.007624e-02 -1.189862e-01 -5.822687e+00 -3.938629e-02 9.991909e-01 8.145423e-03 -1.086206e+00 1.192163e-01 -3.394543e-03 9.928625e-01 7.234651e+01
9.918554e-01 4.319461e-02 -1.198213e-01 -5.904813e+00 -4.214652e-02 9.990479e-01 1.126870e-02 -1.086681e+00 1.201940e-01 -6.126869e-03 9.927315e-01 7.299855e+01
9.919420e-01 4.415187e-02 -1.187507e-01 -6.048785e+00 -4.278685e-02 9.989858e-01 1.402113e-02 -1.110235e+00 1.192493e-01 -8.827184e-03 9.928251e-01 7.365202e+01
9.920443e-01 4.059324e-02 -1.191652e-01 -6.162971e+00 -3.959903e-02 9.991584e-01 1.070008e-02 -1.109548e+00 1.194993e-01 -5.896129e-03 9.928168e-01 7.431493e+01
9.923362e-01 3.172421e-02 -1.194253e-01 -6.223592e+00 -3.128442e-02 9.994951e-01 5.556054e-03 -1.114096e+00 1.195412e-01 -1.777324e-03 9.928276e-01 7.492901e+01
9.926117e-01 2.659638e-02 -1.183836e-01 -6.291167e+00 -2.667422e-02 9.996437e-01 9.271641e-04 -1.121480e+00 1.183661e-01 2.237476e-03 9.929675e-01 7.552228e+01
9.929698e-01 2.925923e-02 -1.146950e-01 -6.376959e+00 -2.947834e-02 9.995654e-01 -2.143796e-04 -1.122511e+00 1.146389e-01 3.593892e-03 9.934007e-01 7.611761e+01
9.932642e-01 3.436556e-02 -1.106583e-01 -6.450060e+00 -3.438327e-02 9.994072e-01 1.748844e-03 -1.122258e+00 1.106528e-01 2.067730e-03 9.938570e-01 7.668905e+01
9.938250e-01 3.296451e-02 -1.059492e-01 -6.508769e+00 -3.269540e-02 9.994562e-01 4.276384e-03 -1.122885e+00 1.060326e-01 -7.859246e-04 9.943623e-01 7.724184e+01
9.945011e-01 3.067761e-02 -1.001323e-01 -6.555040e+00 -3.002679e-02 9.995171e-01 8.000619e-03 -1.124675e+00 1.003294e-01 -4.949973e-03 9.949420e-01 7.780308e+01
9.953226e-01 3.177247e-02 -9.123288e-02 -6.579440e+00 -3.041482e-02 9.994055e-01 1.623346e-02 -1.268265e+00 9.169442e-02 -1.338270e-02 9.956973e-01 7.830308e+01
9.961575e-01 3.842685e-02 -7.869995e-02 -6.669589e+00 -3.698786e-02 9.991223e-01 1.966190e-02 -1.376516e+00 7.938642e-02 -1.667541e-02 9.967044e-01 7.882126e+01
9.970820e-01 4.276580e-02 -6.323448e-02 -6.708617e+00 -4.161366e-02 9.989449e-01 1.942697e-02 -1.388483e+00 6.399858e-02 -1.673887e-02 9.978096e-01 7.932119e+01
9.977978e-01 4.843711e-02 -4.531438e-02 -6.731087e+00 -4.759949e-02 9.986784e-01 1.938521e-02 -1.382366e+00 4.619345e-02 -1.718558e-02 9.987847e-01 7.983023e+01
9.986167e-01 4.713750e-02 -2.329837e-02 -6.728286e+00 -4.669922e-02 9.987281e-01 1.901120e-02 -1.373862e+00 2.416487e-02 -1.789688e-02 9.995478e-01 8.032478e+01
9.992499e-01 3.861382e-02 2.918284e-03 -6.733690e+00 -3.866392e-02 9.990582e-01 1.969357e-02 -1.352440e+00 -2.155091e-03 -1.979163e-02 9.998018e-01 8.080700e+01
9.987118e-01 3.884108e-02 3.265210e-02 -6.701121e+00 -3.952010e-02 9.990102e-01 2.041380e-02 -1.363862e+00 -3.182688e-02 -2.167791e-02 9.992583e-01 8.127355e+01
9.972540e-01 3.841354e-02 6.331564e-02 -6.615956e+00 -3.937379e-02 9.991266e-01 1.398832e-02 -1.280023e+00 -6.272300e-02 -1.644288e-02 9.978955e-01 8.171987e+01
9.942272e-01 3.666035e-02 1.008381e-01 -6.565210e+00 -3.825060e-02 9.991718e-01 1.388164e-02 -1.299531e+00 -1.002457e-01 -1.765862e-02 9.948060e-01 8.212603e+01
9.890173e-01 3.710943e-02 1.430652e-01 -6.488478e+00 -3.896398e-02 9.991887e-01 1.018227e-02 -1.265410e+00 -1.425713e-01 -1.564483e-02 9.896609e-01 8.257318e+01
9.810176e-01 4.006727e-02 1.897344e-01 -6.430228e+00 -4.216081e-02 9.990863e-01 7.008927e-03 -1.239338e+00 -1.892802e-01 -1.487523e-02 9.818104e-01 8.293854e+01
9.703370e-01 3.603891e-02 2.390549e-01 -6.300506e+00 -3.862278e-02 9.992351e-01 6.131518e-03 -1.275105e+00 -2.386511e-01 -1.518260e-02 9.709867e-01 8.333263e+01
9.566652e-01 3.563067e-02 2.890019e-01 -6.176995e+00 -3.892094e-02 9.992264e-01 5.644286e-03 -1.331937e+00 -2.885772e-01 -1.664792e-02 9.573119e-01 8.359673e+01
9.383470e-01 3.362754e-02 3.440553e-01 -5.980997e+00 -3.748239e-02 9.992869e-01 4.557204e-03 -1.358601e+00 -3.436567e-01 -1.717225e-02 9.389383e-01 8.398792e+01
9.151674e-01 3.498892e-02 4.015525e-01 -5.790916e+00 -3.848306e-02 9.992591e-01 6.361451e-04 -1.356245e+00 -4.012327e-01 -1.603515e-02 9.158358e-01 8.433234e+01
8.900936e-01 3.641415e-02 4.543209e-01 -5.512811e+00 -3.795267e-02 9.992631e-01 -5.735783e-03 -1.333501e+00 -4.541949e-01 -1.213731e-02 8.908197e-01 8.462275e+01
8.578929e-01 3.556460e-02 5.125963e-01 -5.279139e+00 -3.492341e-02 9.993307e-01 -1.088626e-02 -1.328639e+00 -5.126403e-01 -8.562365e-03 8.585608e-01 8.494683e+01
8.239934e-01 3.384618e-02 5.655876e-01 -5.026004e+00 -3.267796e-02 9.993915e-01 -1.219821e-02 -1.359283e+00 -5.656563e-01 -8.431000e-03 8.245980e-01 8.520019e+01
7.852634e-01 3.279841e-02 6.182925e-01 -4.748805e+00 -3.196138e-02 9.994119e-01 -1.242295e-02 -1.379909e+00 -6.183363e-01 -1.000619e-02 7.858499e-01 8.550860e+01
7.423461e-01 3.250977e-02 6.692275e-01 -4.509461e+00 -3.462875e-02 9.993489e-01 -1.013419e-02 -1.412297e+00 -6.691212e-01 -1.565143e-02 7.429885e-01 8.576367e+01
6.982042e-01 3.206091e-02 7.151804e-01 -4.200771e+00 -3.350430e-02 9.993654e-01 -1.209166e-02 -1.413476e+00 -7.151142e-01 -1.551917e-02 6.988353e-01 8.601337e+01
6.550360e-01 3.057012e-02 7.549790e-01 -3.898242e+00 -3.128542e-02 9.994217e-01 -1.332403e-02 -1.444012e+00 -7.549497e-01 -1.489211e-02 6.556136e-01 8.615799e+01
6.091440e-01 2.825181e-02 7.925563e-01 -3.575401e+00 -2.449748e-02 9.995587e-01 -1.680240e-02 -1.449061e+00 -7.926812e-01 -9.180553e-03 6.095673e-01 8.634879e+01
5.639457e-01 3.022070e-02 8.252587e-01 -3.233655e+00 -2.482613e-02 9.994989e-01 -1.963622e-02 -1.456310e+00 -8.254386e-01 -9.414217e-03 5.644134e-01 8.653484e+01
5.166204e-01 3.873801e-02 8.553378e-01 -2.906183e+00 -2.704554e-02 9.992158e-01 -2.891882e-02 -1.399454e+00 -8.557873e-01 -8.193020e-03 5.172629e-01 8.670790e+01
4.711528e-01 4.067714e-02 8.811132e-01 -2.560882e+00 -2.531089e-02 9.991482e-01 -3.259195e-02 -1.411876e+00 -8.816884e-01 -6.945965e-03 4.717810e-01 8.686415e+01
4.281098e-01 3.885200e-02 9.028912e-01 -2.165677e+00 -1.842186e-02 9.992430e-01 -3.426328e-02 -1.422525e+00 -9.035390e-01 -1.964493e-03 4.285014e-01 8.705853e+01
3.892901e-01 2.977156e-02 9.206339e-01 -1.798634e+00 -3.357731e-04 9.994821e-01 -3.217938e-02 -1.435066e+00 -9.211151e-01 1.221799e-02 3.890985e-01 8.715683e+01
3.535919e-01 2.627735e-02 9.350306e-01 -1.439738e+00 4.930712e-03 9.995391e-01 -2.995485e-02 -1.445179e+00 -9.353868e-01 1.520216e-02 3.532994e-01 8.726328e+01
3.205259e-01 3.034337e-02 9.467536e-01 -1.083024e+00 2.738536e-03 9.994529e-01 -3.295952e-02 -1.467842e+00 -9.472358e-01 1.315710e-02 3.202675e-01 8.736445e+01
2.892032e-01 3.865447e-02 9.564870e-01 -7.208777e-01 -6.438075e-03 9.992403e-01 -3.843565e-02 -1.487679e+00 -9.572461e-01 4.957777e-03 2.892324e-01 8.747268e+01
2.602866e-01 4.357254e-02 9.645477e-01 -3.354754e-01 -1.200222e-02 9.990500e-01 -4.189231e-02 -1.519685e+00 -9.654568e-01 -6.727123e-04 2.605623e-01 8.757803e+01
2.352525e-01 4.588673e-02 9.708505e-01 9.588734e-02 -1.030129e-02 9.989465e-01 -4.471851e-02 -1.543399e+00 -9.718797e-01 5.191225e-04 2.354773e-01 8.763313e+01
2.122961e-01 4.718715e-02 9.760654e-01 5.037600e-01 -3.909608e-04 9.988375e-01 -4.820302e-02 -1.556469e+00 -9.772053e-01 9.851709e-03 2.120677e-01 8.769765e+01
1.919469e-01 5.362815e-02 9.799390e-01 9.213220e-01 5.853854e-03 9.984256e-01 -5.578648e-02 -1.569044e+00 -9.813879e-01 1.644446e-02 1.913307e-01 8.775553e+01
1.731059e-01 6.043336e-02 9.830474e-01 1.322411e+00 4.695791e-03 9.980537e-01 -6.218277e-02 -1.595315e+00 -9.848920e-01 1.538039e-02 1.724852e-01 8.778348e+01
1.569553e-01 6.245767e-02 9.856288e-01 1.772013e+00 5.227098e-03 9.979317e-01 -6.406967e-02 -1.548007e+00 -9.875919e-01 1.520805e-02 1.563042e-01 8.779411e+01
1.409769e-01 5.710460e-02 9.883646e-01 2.248141e+00 3.517000e-03 9.982999e-01 -5.818028e-02 -1.602122e+00 -9.900066e-01 1.167815e-02 1.405364e-01 8.787066e+01
1.263504e-01 5.392955e-02 9.905186e-01 2.732077e+00 6.603844e-03 9.984533e-01 -5.520394e-02 -1.628001e+00 -9.919637e-01 1.351627e-02 1.257988e-01 8.794201e+01
1.131255e-01 5.122431e-02 9.922594e-01 3.219953e+00 9.975887e-03 9.985612e-01 -5.268697e-02 -1.659787e+00 -9.935306e-01 1.585890e-02 1.124517e-01 8.799223e+01
1.015790e-01 5.087858e-02 9.935256e-01 3.724183e+00 1.078984e-02 9.985762e-01 -5.224039e-02 -1.708301e+00 -9.947690e-01 1.602650e-02 1.008854e-01 8.803690e+01
9.072693e-02 5.198766e-02 9.945179e-01 4.268913e+00 1.234748e-02 9.985010e-01 -5.332229e-02 -1.744117e+00 -9.957993e-01 1.711756e-02 8.994902e-02 8.810586e+01
8.301024e-02 5.252006e-02 9.951638e-01 4.811813e+00 1.567303e-02 9.984180e-01 -5.399915e-02 -1.775620e+00 -9.964254e-01 2.007971e-02 8.205577e-02 8.814578e+01
7.742552e-02 5.345861e-02 9.955639e-01 5.391458e+00 1.578454e-02 9.983706e-01 -5.483690e-02 -1.793297e+00 -9.968732e-01 1.996029e-02 7.645554e-02 8.817543e+01
7.145829e-02 5.496240e-02 9.959281e-01 5.985968e+00 1.364657e-02 9.983333e-01 -5.607429e-02 -1.801971e+00 -9.973502e-01 1.759797e-02 7.058915e-02 8.819311e+01
6.520796e-02 5.578113e-02 9.963114e-01 6.575298e+00 1.318830e-02 9.983010e-01 -5.675569e-02 -1.845850e+00 -9.977845e-01 1.684057e-02 6.436151e-02 8.823735e+01
6.114079e-02 5.590898e-02 9.965621e-01 7.180198e+00 1.635560e-02 9.982398e-01 -5.700655e-02 -1.879489e+00 -9.979951e-01 1.978480e-02 6.011875e-02 8.826477e+01
5.841859e-02 5.674147e-02 9.966783e-01 7.898090e+00 1.677930e-02 9.981865e-01 -5.781082e-02 -1.898903e+00 -9.981512e-01 2.010080e-02 5.736057e-02 8.828735e+01
5.577953e-02 5.651159e-02 9.968426e-01 8.542269e+00 1.835128e-02 9.981703e-01 -5.761373e-02 -1.936793e+00 -9.982744e-01 2.150701e-02 5.464041e-02 8.831650e+01
5.477013e-02 5.758764e-02 9.968369e-01 9.189493e+00 2.235782e-02 9.980144e-01 -5.888409e-02 -1.969284e+00 -9.982486e-01 2.551219e-02 5.337384e-02 8.833658e+01
5.426267e-02 5.751677e-02 9.968688e-01 9.865252e+00 2.688188e-02 9.978937e-01 -5.903916e-02 -2.008922e+00 -9.981648e-01 3.000133e-02 5.260222e-02 8.836635e+01
5.585502e-02 5.818367e-02 9.967421e-01 1.060171e+01 3.333842e-02 9.976352e-01 -6.010400e-02 -2.007706e+00 -9.978821e-01 3.658692e-02 5.378318e-02 8.841067e+01
5.634841e-02 5.862506e-02 9.966885e-01 1.126648e+01 3.321514e-02 9.976119e-01 -6.055722e-02 -2.053331e+00 -9.978585e-01 3.651745e-02 5.426661e-02 8.848507e+01
6.026330e-02 5.941500e-02 9.964127e-01 1.197367e+01 3.526462e-02 9.974770e-01 -6.161128e-02 -2.064028e+00 -9.975594e-01 3.885102e-02 5.801601e-02 8.851870e+01
6.483233e-02 5.946239e-02 9.961230e-01 1.280531e+01 3.424268e-02 9.975026e-01 -6.177342e-02 -2.100582e+00 -9.973085e-01 3.811483e-02 6.263427e-02 8.857021e+01
6.960437e-02 5.760843e-02 9.959099e-01 1.355325e+01 3.450305e-02 9.975948e-01 -6.011733e-02 -2.160125e+00 -9.969778e-01 3.854636e-02 6.744929e-02 8.859857e+01
7.375573e-02 5.657604e-02 9.956702e-01 1.426692e+01 3.437637e-02 9.976520e-01 -5.923512e-02 -2.192552e+00 -9.966837e-01 3.859646e-02 7.163767e-02 8.864026e+01
7.959215e-02 5.597426e-02 9.952547e-01 1.497077e+01 3.726423e-02 9.975573e-01 -5.908384e-02 -2.147856e+00 -9.961307e-01 4.179001e-02 7.731189e-02 8.866751e+01
8.354653e-02 5.568237e-02 9.949470e-01 1.579568e+01 3.856004e-02 9.975092e-01 -5.906368e-02 -2.173098e+00 -9.957576e-01 4.329976e-02 8.119132e-02 8.876429e+01
8.623212e-02 5.330016e-02 9.948483e-01 1.655627e+01 3.630232e-02 9.977366e-01 -5.660155e-02 -2.287687e+00 -9.956135e-01 4.099618e-02 8.410203e-02 8.885458e+01
8.934069e-02 5.775430e-02 9.943252e-01 1.734432e+01 3.413369e-02 9.975534e-01 -6.100874e-02 -2.338223e+00 -9.954161e-01 3.939056e-02 8.715074e-02 8.892684e+01
8.839180e-02 6.353154e-02 9.940577e-01 1.817218e+01 3.195273e-02 9.972695e-01 -6.657806e-02 -2.369542e+00 -9.955732e-01 3.764781e-02 8.612044e-02 8.906858e+01
8.919340e-02 6.689535e-02 9.937653e-01 1.896359e+01 2.921547e-02 9.971370e-01 -6.974449e-02 -2.432961e+00 -9.955858e-01 3.525407e-02 8.698366e-02 8.911972e+01
8.838235e-02 6.693890e-02 9.938349e-01 1.972605e+01 2.370063e-02 9.973156e-01 -6.928106e-02 -2.513323e+00 -9.958046e-01 2.967774e-02 8.655860e-02 8.919031e+01
8.818226e-02 6.462334e-02 9.940059e-01 2.053876e+01 1.980066e-02 9.975824e-01 -6.661246e-02 -2.595808e+00 -9.959075e-01 2.555602e-02 8.668949e-02 8.926990e+01
8.740719e-02 6.312307e-02 9.941707e-01 2.133921e+01 1.950741e-02 9.976906e-01 -6.506164e-02 -2.672498e+00 -9.959816e-01 2.508055e-02 8.597396e-02 8.934581e+01
8.954544e-02 6.255409e-02 9.940164e-01 2.218243e+01 1.927045e-02 9.977301e-01 -6.452376e-02 -2.722725e+00 -9.957963e-01 2.493295e-02 8.813673e-02 8.941172e+01
8.995945e-02 6.158036e-02 9.940398e-01 2.295735e+01 1.818880e-02 9.978186e-01 -6.346051e-02 -2.804447e+00 -9.957793e-01 2.378926e-02 8.864314e-02 8.946774e+01
8.624925e-02 6.290289e-02 9.942858e-01 2.378744e+01 1.348735e-02 9.978396e-01 -6.429768e-02 -2.873964e+00 -9.961823e-01 1.895590e-02 8.521453e-02 8.961410e+01
8.617721e-02 6.567812e-02 9.941126e-01 2.458482e+01 1.465571e-02 9.976331e-01 -6.718118e-02 -2.880845e+00 -9.961720e-01 2.035891e-02 8.501068e-02 8.967285e+01
8.272956e-02 6.520830e-02 9.944364e-01 2.545247e+01 9.654657e-03 9.977577e-01 -6.622928e-02 -2.962329e+00 -9.965253e-01 1.508006e-02 8.191449e-02 8.979186e+01
7.911458e-02 6.439322e-02 9.947836e-01 2.627867e+01 6.569780e-03 9.978562e-01 -6.511460e-02 -3.029208e+00 -9.968439e-01 1.168702e-02 7.852193e-02 8.986470e+01
7.411546e-02 6.155143e-02 9.953483e-01 2.705123e+01 2.363786e-03 9.980798e-01 -6.189635e-02 -3.106793e+00 -9.972469e-01 6.940267e-03 7.382765e-02 8.992222e+01
6.676071e-02 5.591812e-02 9.962009e-01 2.788483e+01 -4.396495e-03 9.984351e-01 -5.574890e-02 -3.232170e+00 -9.977593e-01 -6.579563e-04 6.690208e-02 9.000570e+01
5.850679e-02 5.345424e-02 9.968549e-01 2.867894e+01 -3.921495e-03 9.985700e-01 -5.331605e-02 -3.311204e+00 -9.982793e-01 -7.898099e-04 5.863274e-02 9.005827e+01
5.143446e-02 5.451402e-02 9.971874e-01 2.940798e+01 -1.412039e-03 9.985120e-01 -5.451361e-02 -3.363693e+00 -9.986754e-01 1.395810e-03 5.143490e-02 9.006963e+01
4.184906e-02 5.512980e-02 9.976018e-01 3.019674e+01 -6.907600e-04 9.984779e-01 -5.514924e-02 -3.420677e+00 -9.991237e-01 1.618841e-03 4.182344e-02 9.008850e+01
3.152413e-02 5.409165e-02 9.980382e-01 3.100733e+01 4.365637e-04 9.985337e-01 -5.413229e-02 -3.479060e+00 -9.995029e-01 2.142181e-03 3.145429e-02 9.012121e+01
2.148287e-02 5.399812e-02 9.983099e-01 3.182258e+01 2.921882e-04 9.985400e-01 -5.401686e-02 -3.521775e+00 -9.997692e-01 1.452132e-03 2.143573e-02 9.013395e+01
1.028813e-02 5.319429e-02 9.985312e-01 3.261189e+01 5.063851e-04 9.985836e-01 -5.320230e-02 -3.578940e+00 -9.999469e-01 1.052993e-03 1.024662e-02 9.013662e+01
-8.330067e-04 5.381491e-02 9.985506e-01 3.341060e+01 9.927135e-04 9.985505e-01 -5.381407e-02 -3.631669e+00 -9.999992e-01 9.464472e-04 -8.852220e-04 9.014759e+01
-1.130157e-02 5.396856e-02 9.984787e-01 3.415665e+01 2.501815e-03 9.985408e-01 -5.394360e-02 -3.689681e+00 -9.999330e-01 1.888361e-03 -1.142010e-02 9.012714e+01
-2.260434e-02 5.375300e-02 9.982984e-01 3.494349e+01 -2.557801e-03 9.985471e-01 -5.382431e-02 -3.793161e+00 -9.997412e-01 -3.770112e-03 -2.243401e-02 9.012132e+01
-3.339253e-02 5.523977e-02 9.979146e-01 3.571965e+01 -7.253296e-04 9.984698e-01 -5.529477e-02 -3.837972e+00 -9.994421e-01 -2.570249e-03 -3.330137e-02 9.010837e+01
-4.371789e-02 5.560989e-02 9.974950e-01 3.653682e+01 -2.366574e-03 9.984410e-01 -5.576635e-02 -3.909408e+00 -9.990411e-01 -4.798633e-03 -4.351813e-02 9.009668e+01
-5.410280e-02 5.523571e-02 9.970065e-01 3.731021e+01 -5.428914e-03 9.984378e-01 -5.560961e-02 -3.998014e+00 -9.985206e-01 -8.421298e-03 -5.371841e-02 9.007362e+01
-6.362558e-02 5.650490e-02 9.963729e-01 3.803442e+01 -2.961181e-03 9.983807e-01 -5.680786e-02 -4.037135e+00 -9.979694e-01 -6.564873e-03 -6.335523e-02 9.001997e+01
-7.219696e-02 5.596216e-02 9.958192e-01 3.877180e+01 -1.967279e-03 9.984147e-01 -5.625065e-02 -4.094656e+00 -9.973885e-01 -6.020180e-03 -7.197242e-02 8.996518e+01
-7.890844e-02 5.497728e-02 9.953647e-01 3.950091e+01 2.458521e-04 9.984792e-01 -5.512981e-02 -4.147535e+00 -9.968818e-01 -4.105495e-03 -7.880195e-02 8.989689e+01
-8.364786e-02 5.173874e-02 9.951513e-01 4.019457e+01 -1.504676e-04 9.986505e-01 -5.193331e-02 -4.229757e+00 -9.964954e-01 -4.493849e-03 -8.352720e-02 8.981743e+01
-8.782881e-02 5.150160e-02 9.948033e-01 4.090202e+01 2.017373e-03 9.986697e-01 -5.152366e-02 -4.271862e+00 -9.961335e-01 -2.518373e-03 -8.781588e-02 8.975672e+01
-8.960020e-02 5.011287e-02 9.947163e-01 4.158783e+01 3.936465e-03 9.987434e-01 -4.996117e-02 -4.326598e+00 -9.959700e-01 -5.608649e-04 -8.968487e-02 8.967107e+01
-9.091757e-02 4.968177e-02 9.946184e-01 4.229651e+01 5.227606e-03 9.987648e-01 -4.941103e-02 -4.364935e+00 -9.958447e-01 7.071418e-04 -9.106499e-02 8.960796e+01
-9.221092e-02 5.028467e-02 9.944690e-01 4.316538e+01 5.012831e-03 9.987349e-01 -5.003556e-02 -4.413820e+00 -9.957269e-01 3.712792e-04 -9.234633e-02 8.953337e+01
-9.075736e-02 5.150652e-02 9.945402e-01 4.376910e+01 5.620380e-03 9.986722e-01 -5.120762e-02 -4.461718e+00 -9.958572e-01 9.422255e-04 -9.092634e-02 8.945870e+01
-8.895072e-02 5.411153e-02 9.945651e-01 4.460427e+01 7.239678e-03 9.985320e-01 -5.367986e-02 -4.482020e+00 -9.960097e-01 2.425468e-03 -8.921189e-02 8.946585e+01
-8.383929e-02 5.614479e-02 9.948963e-01 4.524594e+01 9.677611e-03 9.984103e-01 -5.552756e-02 -4.482033e+00 -9.964323e-01 4.972829e-03 -8.424935e-02 8.943254e+01
-7.546447e-02 5.771824e-02 9.954766e-01 4.582922e+01 1.003510e-02 9.983168e-01 -5.712218e-02 -4.508696e+00 -9.970980e-01 5.679016e-03 -7.591665e-02 8.939005e+01
-6.385572e-02 5.770490e-02 9.962894e-01 4.639592e+01 6.466781e-03 9.983298e-01 -5.740860e-02 -4.556743e+00 -9.979382e-01 2.776919e-03 -6.412223e-02 8.934756e+01
-4.973783e-02 5.807248e-02 9.970726e-01 4.696537e+01 5.534464e-03 9.983089e-01 -5.786841e-02 -4.601093e+00 -9.987470e-01 2.640014e-03 -4.997511e-02 8.932576e+01
-3.146289e-02 6.049129e-02 9.976727e-01 4.753848e+01 5.627556e-03 9.981618e-01 -6.034347e-02 -4.627489e+00 -9.994891e-01 3.715879e-03 -3.174548e-02 8.929751e+01
-7.986185e-03 6.094851e-02 9.981090e-01 4.807787e+01 4.723252e-03 9.981320e-01 -6.091212e-02 -4.684836e+00 -9.999570e-01 4.227864e-03 -8.259141e-03 8.928514e+01
1.661167e-02 6.437591e-02 9.977874e-01 4.863114e+01 2.683128e-03 9.979187e-01 -6.442905e-02 -4.723216e+00 -9.998584e-01 3.747465e-03 1.640437e-02 8.930713e+01
4.899740e-02 6.660334e-02 9.965758e-01 4.917602e+01 2.574910e-03 9.977624e-01 -6.680924e-02 -4.764683e+00 -9.987956e-01 5.839572e-03 4.871627e-02 8.930645e+01
8.098047e-02 6.694249e-02 9.944651e-01 4.982479e+01 -2.657477e-03 9.977530e-01 -6.694741e-02 -4.794535e+00 -9.967121e-01 2.778664e-03 8.097640e-02 8.939008e+01
1.197975e-01 6.497378e-02 9.906700e-01 5.032763e+01 -4.925246e-03 9.978828e-01 -6.485125e-02 -4.828585e+00 -9.927861e-01 2.889726e-03 1.198639e-01 8.946195e+01
1.629452e-01 6.152766e-02 9.847148e-01 5.083188e+01 -8.555765e-03 9.981042e-01 -6.094851e-02 -4.866515e+00 -9.865980e-01 1.506279e-03 1.631627e-01 8.955324e+01
2.081825e-01 5.870910e-02 9.763264e-01 5.132039e+01 -1.055285e-02 9.982736e-01 -5.777866e-02 -4.892051e+00 -9.780331e-01 1.725484e-03 2.084427e-01 8.968411e+01
2.584734e-01 5.546215e-02 9.644249e-01 5.177990e+01 -1.722921e-02 9.984564e-01 -5.280167e-02 -4.934571e+00 -9.658647e-01 -2.968455e-03 2.590300e-01 8.979562e+01
3.104350e-01 5.005800e-02 9.492757e-01 5.227282e+01 -2.389745e-02 9.987079e-01 -4.484969e-02 -5.021139e+00 -9.502942e-01 -8.762353e-03 3.112301e-01 8.996738e+01
3.656798e-01 5.088656e-02 9.293486e-01 5.271678e+01 -2.582251e-02 9.986746e-01 -4.452188e-02 -5.042048e+00 -9.303824e-01 -7.717357e-03 3.665092e-01 9.016439e+01
4.202593e-01 5.023031e-02 9.060127e-01 5.312310e+01 -2.557109e-02 9.987257e-01 -4.350912e-02 -5.082481e+00 -9.070437e-01 -4.882620e-03 4.210082e-01 9.041709e+01
4.865965e-01 4.960628e-02 8.722173e-01 5.359592e+01 -2.459332e-02 9.987687e-01 -4.308350e-02 -5.144017e+00 -8.732806e-01 -4.864355e-04 4.872173e-01 9.059840e+01
5.456422e-01 5.241082e-02 8.363777e-01 5.401857e+01 -2.477782e-02 9.986150e-01 -4.641253e-02 -5.175568e+00 -8.376519e-01 4.601022e-03 5.461851e-01 9.088590e+01
6.035607e-01 5.783217e-02 7.952169e-01 5.443461e+01 -3.126723e-02 9.983156e-01 -4.887105e-02 -5.186158e+00 -7.967038e-01 4.632409e-03 6.043523e-01 9.122418e+01
6.577583e-01 5.891516e-02 7.509214e-01 5.476297e+01 -3.480891e-02 9.982488e-01 -4.782942e-02 -5.213918e+00 -7.524243e-01 5.321443e-03 6.586572e-01 9.156727e+01
7.087143e-01 5.879702e-02 7.030412e-01 5.506274e+01 -3.620502e-02 9.982391e-01 -4.698796e-02 -5.240453e+00 -7.045660e-01 7.847415e-03 7.095951e-01 9.192610e+01
7.531602e-01 5.578803e-02 6.554673e-01 5.517056e+01 -3.611771e-02 9.984014e-01 -4.347498e-02 -5.264512e+00 -6.568449e-01 9.069644e-03 7.539711e-01 9.220354e+01
7.966147e-01 4.950012e-02 6.024573e-01 5.541030e+01 -3.598287e-02 9.987573e-01 -3.448232e-02 -5.297497e+00 -6.034155e-01 5.790977e-03 7.974059e-01 9.253614e+01
8.359203e-01 4.228710e-02 5.472194e-01 5.566439e+01 -3.458149e-02 9.991044e-01 -2.438120e-02 -5.326962e+00 -5.477603e-01 1.457075e-03 8.366340e-01 9.296947e+01
8.693507e-01 3.915465e-02 4.926422e-01 5.575028e+01 -3.619901e-02 9.992238e-01 -1.553791e-02 -5.357416e+00 -4.928682e-01 -4.325261e-03 8.700932e-01 9.337315e+01
8.976837e-01 3.574614e-02 4.391882e-01 5.586921e+01 -3.734656e-02 9.992899e-01 -4.998666e-03 -5.394855e+00 -4.390550e-01 -1.191495e-02 8.983812e-01 9.375614e+01
9.211496e-01 3.590927e-02 3.875487e-01 5.601123e+01 -3.995442e-02 9.991987e-01 2.382916e-03 -5.409792e+00 -3.871526e-01 -1.767930e-02 9.218461e-01 9.419389e+01
9.389801e-01 4.122847e-02 3.414918e-01 5.610568e+01 -4.603240e-02 9.989221e-01 5.972261e-03 -5.408945e+00 -3.408775e-01 -2.132752e-02 9.398658e-01 9.460000e+01
9.523730e-01 4.779805e-02 3.011660e-01 5.621074e+01 -5.322375e-02 9.985342e-01 9.831386e-03 -5.421347e+00 -3.002546e-01 -2.539233e-02 9.535211e-01 9.504481e+01
9.627405e-01 4.882285e-02 2.659831e-01 5.626467e+01 -5.359588e-02 9.985053e-01 1.071139e-02 -5.444251e+00 -2.650626e-01 -2.456789e-02 9.639182e-01 9.545424e+01
9.707286e-01 5.110619e-02 2.346786e-01 5.635253e+01 -5.537586e-02 9.983978e-01 1.163557e-02 -5.446010e+00 -2.337079e-01 -2.429051e-02 9.720034e-01 9.584405e+01
9.765803e-01 4.451780e-02 2.104971e-01 5.647655e+01 -4.819279e-02 9.987616e-01 1.235867e-02 -5.446907e+00 -2.096863e-01 -2.221368e-02 9.775164e-01 9.626533e+01
9.800266e-01 4.120713e-02 1.945504e-01 5.656134e+01 -4.465579e-02 9.989129e-01 1.337196e-02 -5.455101e+00 -1.937879e-01 -2.179267e-02 9.808014e-01 9.671024e+01
9.823226e-01 4.491484e-02 1.817278e-01 5.663606e+01 -4.811298e-02 9.987543e-01 1.322623e-02 -5.449507e+00 -1.809074e-01 -2.173589e-02 9.832599e-01 9.721074e+01
9.835787e-01 5.041179e-02 1.732960e-01 5.668817e+01 -5.348910e-02 9.984821e-01 1.313060e-02 -5.429880e+00 -1.723711e-01 -2.218443e-02 9.847822e-01 9.775212e+01
9.839319e-01 6.139261e-02 1.676572e-01 5.675975e+01 -6.424960e-02 9.978657e-01 1.166463e-02 -5.410380e+00 -1.665832e-01 -2.224911e-02 9.857763e-01 9.828706e+01
9.840904e-01 6.627965e-02 1.648425e-01 5.683176e+01 -6.849988e-02 9.976205e-01 7.814370e-03 -5.409783e+00 -1.639323e-01 -1.898174e-02 9.862889e-01 9.880948e+01
9.840615e-01 6.924351e-02 1.637932e-01 5.691990e+01 -7.107954e-02 9.974562e-01 5.368227e-03 -5.422894e+00 -1.630048e-01 -1.692501e-02 9.864801e-01 9.928231e+01
9.837702e-01 6.823113e-02 1.659537e-01 5.701561e+01 -6.938226e-02 9.975895e-01 1.142137e-03 -5.419021e+00 -1.654758e-01 -1.263785e-02 9.861329e-01 9.982845e+01
9.835542e-01 6.208518e-02 1.696073e-01 5.712046e+01 -6.199828e-02 9.980593e-01 -5.813593e-03 -5.398055e+00 -1.696390e-01 -4.797375e-03 9.854946e-01 1.003853e+02
9.830086e-01 6.098186e-02 1.731338e-01 5.723091e+01 -5.984901e-02 9.981382e-01 -1.176102e-02 -5.374015e+00 -1.735287e-01 1.199299e-03 9.848281e-01 1.009382e+02
9.819186e-01 6.772684e-02 1.767737e-01 5.736871e+01 -6.673583e-02 9.977038e-01 -1.155243e-02 -5.383252e+00 -1.771502e-01 -4.535971e-04 9.841837e-01 1.014587e+02
9.811859e-01 6.447697e-02 1.819807e-01 5.749343e+01 -6.387797e-02 9.979157e-01 -9.157082e-03 -5.363562e+00 -1.821918e-01 -2.639760e-03 9.832595e-01 1.020922e+02
9.802075e-01 6.191111e-02 1.880430e-01 5.759337e+01 -6.252536e-02 9.980398e-01 -2.669193e-03 -5.397499e+00 -1.878397e-01 -9.141095e-03 9.821572e-01 1.027089e+02
9.797443e-01 5.789186e-02 1.917021e-01 5.772131e+01 -5.949443e-02 9.982252e-01 2.609330e-03 -5.403143e+00 -1.912108e-01 -1.396169e-02 9.814497e-01 1.033345e+02
9.791156e-01 5.627411e-02 1.953609e-01 5.785811e+01 -5.879645e-02 9.982445e-01 7.131432e-03 -5.406429e+00 -1.946166e-01 -1.846902e-02 9.807055e-01 1.039762e+02
9.793472e-01 4.905594e-02 1.961443e-01 5.802455e+01 -5.192969e-02 9.986053e-01 9.532150e-03 -5.438776e+00 -1.954031e-01 -1.952100e-02 9.805287e-01 1.046188e+02
9.790855e-01 5.235297e-02 1.965978e-01 5.825072e+01 -5.473901e-02 9.984781e-01 6.718696e-03 -5.422616e+00 -1.959469e-01 -1.733975e-02 9.804612e-01 1.053696e+02
9.791871e-01 5.223051e-02 1.961240e-01 5.838152e+01 -5.319595e-02 9.985840e-01 -3.454979e-04 -5.429148e+00 -1.958643e-01 -1.009469e-02 9.805790e-01 1.060317e+02
9.794078e-01 5.508956e-02 1.942304e-01 5.852518e+01 -5.475125e-02 9.984747e-01 -7.113855e-03 -5.435611e+00 -1.943261e-01 -3.666992e-03 9.809301e-01 1.066872e+02
9.800393e-01 5.698609e-02 1.904613e-01 5.870732e+01 -5.621443e-02 9.983739e-01 -9.456383e-03 -5.503764e+00 -1.906905e-01 -1.439048e-03 9.816491e-01 1.074146e+02
9.804939e-01 5.614818e-02 1.883590e-01 5.882850e+01 -5.609718e-02 9.984096e-01 -5.606022e-03 -5.500245e+00 -1.883742e-01 -5.069741e-03 9.820842e-01 1.081127e+02
9.810977e-01 5.232881e-02 1.863033e-01 5.899301e+01 -5.360048e-02 9.985609e-01 1.791738e-03 -5.505566e+00 -1.859414e-01 -1.174382e-02 9.824906e-01 1.087737e+02
9.812052e-01 5.825826e-02 1.839628e-01 5.913279e+01 -6.058752e-02 9.981379e-01 7.061297e-03 -5.487602e+00 -1.832088e-01 -1.807443e-02 9.829078e-01 1.094681e+02
9.814151e-01 6.086414e-02 1.819888e-01 5.925951e+01 -6.295976e-02 9.979995e-01 5.754695e-03 -5.488396e+00 -1.812745e-01 -1.710572e-02 9.832838e-01 1.101999e+02
9.812586e-01 6.840379e-02 1.801456e-01 5.935771e+01 -6.989350e-02 9.975526e-01 1.927405e-03 -5.517922e+00 -1.795729e-01 -1.448229e-02 9.836381e-01 1.109009e+02
9.813432e-01 6.823916e-02 1.797468e-01 5.939919e+01 -6.914980e-02 9.976056e-01 -1.202143e-03 -5.546679e+00 -1.793984e-01 -1.124974e-02 9.837122e-01 1.115362e+02
9.820827e-01 6.735625e-02 1.760022e-01 5.950061e+01 -6.756619e-02 9.977032e-01 -4.806537e-03 -5.502446e+00 -1.759217e-01 -7.171382e-03 9.843780e-01 1.123527e+02
9.834104e-01 6.213874e-02 1.704193e-01 5.967768e+01 -6.224341e-02 9.980498e-01 -4.733824e-03 -5.460038e+00 -1.703811e-01 -5.952186e-03 9.853603e-01 1.131050e+02
9.841828e-01 6.033628e-02 1.665648e-01 5.982810e+01 -6.077093e-02 9.981486e-01 -2.490801e-03 -5.494004e+00 -1.664068e-01 -7.670896e-03 9.860274e-01 1.138172e+02
