9.999913e-01 -2.467314e-03 -3.361590e-03 1.756946e-04 2.460245e-03 9.999948e-01 -2.105396e-03 -9.244216e-03 3.366767e-03 2.097107e-03 9.999921e-01 6.726265e-01
9.999913e-01 -2.467314e-03 -3.361590e-03 1.756946e-04 2.460245e-03 9.999948e-01 -2.105396e-03 -9.244216e-03 3.366767e-03 2.097107e-03 9.999921e-01 6.726265e-01
9.999715e-01 -1.015979e-03 -7.478060e-03 -1.114289e-02 9.878024e-04 9.999924e-01 -3.770657e-03 -1.410328e-02 7.481835e-03 3.763162e-03 9.999649e-01 1.369516e+00
9.999345e-01 -7.386083e-04 -1.142091e-02 -2.598551e-02 6.770778e-04 9.999852e-01 -5.390452e-03 -2.000467e-02 1.142473e-02 5.382366e-03 9.999202e-01 2.084420e+00
9.998659e-01 6.343500e-04 -1.636391e-02 -4.431340e-02 -7.366733e-04 9.999802e-01 -6.247713e-03 -2.597947e-02 1.635963e-02 6.258930e-03 9.998466e-01 2.817660e+00
9.997833e-01 -3.608970e-04 -2.081321e-02 -6.320823e-02 2.249402e-04 9.999786e-01 -6.534208e-03 -3.772974e-02 2.081512e-02 6.528110e-03 9.997620e-01 3.560733e+00
9.996805e-01 1.365075e-03 -2.524088e-02 -9.174407e-02 -1.561287e-03 9.999687e-01 -7.755495e-03 -4.929483e-02 2.522950e-02 7.792425e-03 9.996513e-01 4.318621e+00
9.995369e-01 4.113380e-03 -3.015032e-02 -1.251362e-01 -4.367758e-03 9.999554e-01 -8.376003e-03 -6.136720e-02 3.011452e-02 8.503813e-03 9.995103e-01 5.093397e+00
9.993968e-01 4.580853e-03 -3.442397e-02 -1.607460e-01 -4.817924e-03 9.999652e-01 -6.807032e-03 -7.373304e-02 3.439159e-02 6.968779e-03 9.993841e-01 5.879912e+00
9.992309e-01 4.100363e-03 -3.899750e-02 -1.946596e-01 -4.279098e-03 9.999807e-01 -4.500885e-03 -8.072694e-02 3.897829e-02 4.664298e-03 9.992292e-01 6.683230e+00
9.990799e-01 3.888217e-03 -4.271206e-02 -2.295339e-01 -3.972183e-03 9.999903e-01 -1.881155e-03 -9.190596e-02 4.270434e-02 2.049085e-03 9.990857e-01 7.502740e+00
9.989609e-01 5.474507e-03 -4.524649e-02 -2.806483e-01 -5.592235e-03 9.999813e-01 -2.475757e-03 -1.034453e-01 4.523209e-02 2.726214e-03 9.989728e-01 8.326297e+00
9.988485e-01 5.239048e-03 -4.768977e-02 -3.210243e-01 -5.380374e-03 9.999815e-01 -2.835564e-03 -1.123303e-01 4.767404e-02 3.088887e-03 9.988582e-01 9.153371e+00
9.987679e-01 2.565310e-03 -4.955894e-02 -3.599053e-01 -2.744823e-03 9.999899e-01 -3.554495e-03 -1.205178e-01 4.954933e-02 3.686146e-03 9.987649e-01 9.991720e+00
9.986642e-01 2.379024e-03 -5.161561e-02 -4.076424e-01 -2.526034e-03 9.999929e-01 -2.783121e-03 -1.310539e-01 5.160862e-02 2.909786e-03 9.986631e-01 1.083306e+01
9.985961e-01 8.219129e-04 -5.296437e-02 -4.570700e-01 -9.817134e-04 9.999950e-01 -2.991188e-03 -1.446106e-01 5.296165e-02 3.038984e-03 9.985919e-01 1.168509e+01
9.984883e-01 3.060236e-03 -5.488008e-02 -5.097846e-01 -3.352793e-03 9.999807e-01 -5.239570e-03 -1.565291e-01 5.486298e-02 5.415651e-03 9.984792e-01 1.254625e+01
9.984139e-01 3.728615e-03 -5.617559e-02 -5.672721e-01 -4.177447e-03 9.999603e-01 -7.874492e-03 -1.694144e-01 5.614399e-02 8.096673e-03 9.983899e-01 1.341305e+01
9.982853e-01 7.870324e-03 -5.800499e-02 -6.265633e-01 -8.440555e-03 9.999184e-01 -9.592280e-03 -1.813368e-01 5.792477e-02 1.006543e-02 9.982702e-01 1.428948e+01
9.982106e-01 8.919731e-03 -5.912759e-02 -6.852226e-01 -9.492625e-03 9.999106e-01 -9.415316e-03 -1.956758e-01 5.903833e-02 9.959744e-03 9.982060e-01 1.517962e+01
9.981421e-01 8.107536e-03 -6.038765e-02 -7.443790e-01 -8.594051e-03 9.999326e-01 -7.801167e-03 -2.153861e-01 6.032033e-02 8.305647e-03 9.981445e-01 1.606856e+01
9.980494e-01 8.737756e-03 -6.181530e-02 -8.038731e-01 -9.152998e-03 9.999374e-01 -6.437479e-03 -2.280756e-01 6.175518e-02 6.990717e-03 9.980668e-01 1.697115e+01
9.979889e-01 8.621220e-03 -6.279997e-02 -8.648255e-01 -9.045103e-03 9.999382e-01 -6.468557e-03 -2.449167e-01 6.274032e-02 7.023580e-03 9.980052e-01 1.788108e+01
9.978887e-01 8.992956e-03 -6.432140e-02 -9.302535e-01 -9.486730e-03 9.999278e-01 -7.375365e-03 -2.625703e-01 6.425043e-02 7.969993e-03 9.979020e-01 1.879147e+01
9.978303e-01 7.618824e-03 -6.539541e-02 -9.919945e-01 -8.171272e-03 9.999331e-01 -8.184498e-03 -2.769155e-01 6.532868e-02 8.701104e-03 9.978259e-01 1.970959e+01
9.977963e-01 7.306053e-03 -6.594883e-02 -1.052668e+00 -7.730828e-03 9.999510e-01 -6.188082e-03 -2.983983e-01 6.590039e-02 6.684284e-03 9.978038e-01 2.062577e+01
9.977957e-01 8.769431e-03 -6.577900e-02 -1.122175e+00 -8.968530e-03 9.999560e-01 -2.732093e-03 -3.151179e-01 6.575215e-02 3.316011e-03 9.978305e-01 2.155083e+01
9.978382e-01 1.005628e-02 -6.494413e-02 -1.189849e+00 -1.001429e-02 9.999494e-01 9.720346e-04 -3.295729e-01 6.495062e-02 -3.195637e-04 9.978884e-01 2.248838e+01
9.979463e-01 9.179599e-03 -6.339517e-02 -1.253833e+00 -8.952295e-03 9.999524e-01 3.868651e-03 -3.396374e-01 6.342767e-02 -3.293173e-03 9.979810e-01 2.343290e+01
9.980452e-01 9.577220e-03 -6.175733e-02 -1.319010e+00 -9.313075e-03 9.999462e-01 4.563582e-03 -3.490927e-01 6.179771e-02 -3.979511e-03 9.980808e-01 2.437966e+01
9.981211e-01 1.054758e-02 -6.035774e-02 -1.383170e+00 -1.046727e-02 9.999439e-01 1.646650e-03 -3.613980e-01 6.037171e-02 -1.011776e-03 9.981755e-01 2.533232e+01
9.981652e-01 1.141355e-02 -5.946374e-02 -1.445375e+00 -1.162664e-02 9.999272e-01 -3.238679e-03 -3.724027e-01 5.942245e-02 3.924100e-03 9.982252e-01 2.627922e+01
9.982381e-01 1.101787e-02 -5.830331e-02 -1.506515e+00 -1.140573e-02 9.999150e-01 -6.323915e-03 -3.840821e-01 5.822868e-02 6.977765e-03 9.982789e-01 2.723652e+01
9.983050e-01 8.399128e-03 -5.758960e-02 -1.565591e+00 -8.721526e-03 9.999477e-01 -5.349134e-03 -3.972244e-01 5.754166e-02 5.842337e-03 9.983260e-01 2.820829e+01
9.983061e-01 7.041171e-03 -5.775317e-02 -1.629051e+00 -7.087430e-03 9.999747e-01 -5.961776e-04 -4.070036e-01 5.774752e-02 1.004489e-03 9.983307e-01 2.919546e+01
9.982832e-01 3.617049e-03 -5.846050e-02 -1.688159e+00 -3.461353e-03 9.999902e-01 2.764311e-03 -4.244554e-01 5.846993e-02 -2.557212e-03 9.982859e-01 3.017898e+01
9.982290e-01 -3.345177e-03 -5.939450e-02 -1.743186e+00 3.467817e-03 9.999921e-01 1.961895e-03 -4.353028e-01 5.938747e-02 -2.164390e-03 9.982327e-01 3.116063e+01
9.981312e-01 -5.422859e-03 -6.086595e-02 -1.805014e+00 5.309158e-03 9.999838e-01 -2.029618e-03 -4.435127e-01 6.087598e-02 1.702678e-03 9.981439e-01 3.215346e+01
9.980411e-01 -5.168750e-03 -6.234754e-02 -1.872179e+00 4.800364e-03 9.999701e-01 -6.056935e-03 -4.583018e-01 6.237698e-02 5.745780e-03 9.980361e-01 3.314300e+01
9.979136e-01 -3.242237e-03 -6.448275e-02 -1.938905e+00 2.816428e-03 9.999736e-01 -6.693260e-03 -4.803526e-01 6.450275e-02 6.497684e-03 9.978964e-01 3.412549e+01
9.978719e-01 -2.801190e-03 -6.514518e-02 -2.011974e+00 2.451547e-03 9.999822e-01 -5.446444e-03 -4.975541e-01 6.515927e-02 5.275147e-03 9.978609e-01 3.512757e+01
9.978130e-01 1.244953e-03 -6.608808e-02 -2.088818e+00 -1.437712e-03 9.999949e-01 -2.869217e-03 -5.191074e-01 6.608417e-02 2.957958e-03 9.978097e-01 3.611843e+01
9.977281e-01 1.671443e-03 -6.734911e-02 -2.163456e+00 -1.775400e-03 9.999973e-01 -1.483734e-03 -5.385652e-01 6.734645e-02 1.599935e-03 9.977284e-01 3.713662e+01
9.976515e-01 3.577367e-03 -6.840127e-02 -2.226114e+00 -3.521136e-03 9.999934e-01 9.426291e-04 -5.519481e-01 6.840419e-02 -6.995651e-04 9.976574e-01 3.811723e+01
9.976683e-01 4.286332e-03 -6.811437e-02 -2.298602e+00 -4.026147e-03 9.999841e-01 3.956647e-03 -5.704280e-01 6.813025e-02 -3.673183e-03 9.976697e-01 3.910847e+01
9.975916e-01 1.058664e-02 -6.854913e-02 -2.377346e+00 -1.019670e-02 9.999298e-01 6.035872e-03 -5.788129e-01 6.860822e-02 -5.322360e-03 9.976295e-01 4.008963e+01
9.975837e-01 1.131993e-02 -6.854617e-02 -2.456020e+00 -1.097765e-02 9.999253e-01 5.368019e-03 -5.910059e-01 6.860181e-02 -4.602572e-03 9.976335e-01 4.108956e+01
9.975842e-01 1.238301e-02 -6.835461e-02 -2.531264e+00 -1.217438e-02 9.999199e-01 3.467809e-03 -5.999389e-01 6.839208e-02 -2.627257e-03 9.976551e-01 4.209028e+01
9.975518e-01 1.512947e-02 -6.827575e-02 -2.610650e+00 -1.508545e-02 9.998855e-01 1.160232e-03 -6.105216e-01 6.828549e-02 -1.274209e-04 9.976658e-01 4.308622e+01
9.974776e-01 1.541912e-02 -6.928749e-02 -2.686416e+00 -1.537365e-02 9.998811e-01 1.189528e-03 -6.262565e-01 6.929759e-02 -1.213257e-04 9.975960e-01 4.409503e+01
9.974130e-01 1.433659e-02 -7.044047e-02 -2.760296e+00 -1.421368e-02 9.998965e-01 2.245784e-03 -6.379840e-01 7.046537e-02 -1.238756e-03 9.975135e-01 4.508636e+01
9.973354e-01 1.551206e-02 -7.128483e-02 -2.834864e+00 -1.533747e-02 9.998779e-01 2.995870e-03 -6.497402e-01 7.132259e-02 -1.894558e-03 9.974515e-01 4.607973e+01
9.972652e-01 1.841634e-02 -7.157522e-02 -2.913001e+00 -1.850226e-02 9.998287e-01 -5.374447e-04 -6.705682e-01 7.155306e-02 1.860278e-03 9.974351e-01 4.705202e+01
9.971795e-01 1.947491e-02 -7.248249e-02 -2.991152e+00 -1.986506e-02 9.997918e-01 -4.665671e-03 -6.894498e-01 7.237654e-02 6.092381e-03 9.973588e-01 4.801574e+01
9.970897e-01 2.073425e-02 -7.336412e-02 -3.057340e+00 -2.123313e-02 9.997564e-01 -6.026604e-03 -7.070408e-01 7.322129e-02 7.566814e-03 9.972870e-01 4.897865e+01
9.971084e-01 1.994648e-02 -7.332816e-02 -3.133696e+00 -2.018123e-02 9.997933e-01 -2.461809e-03 -7.297010e-01 7.326390e-02 3.934543e-03 9.973048e-01 4.995287e+01
9.971288e-01 1.811374e-02 -7.352601e-02 -3.207808e+00 -1.811952e-02 9.998357e-01 5.885252e-04 -7.440714e-01 7.352459e-02 7.454204e-04 9.972931e-01 5.093076e+01
9.971403e-01 1.642641e-02 -7.376517e-02 -3.280180e+00 -1.638519e-02 9.998651e-01 1.164058e-03 -7.590665e-01 7.377434e-02 4.792711e-05 9.972750e-01 5.189539e+01
9.971691e-01 1.415221e-02 -7.384719e-02 -3.355577e+00 -1.419653e-02 9.998992e-01 -7.515596e-05 -7.799329e-01 7.383869e-02 1.123317e-03 9.972696e-01 5.285528e+01
9.971690e-01 1.135492e-02 -7.433038e-02 -3.427338e+00 -1.150552e-02 9.999325e-01 -1.598099e-03 -7.912670e-01 7.430722e-02 2.448784e-03 9.972324e-01 5.381675e+01
9.971021e-01 1.006607e-02 -7.540548e-02 -3.500644e+00 -1.013189e-02 9.999486e-01 -4.903868e-04 -8.056056e-01 7.539667e-02 1.252966e-03 9.971528e-01 5.476937e+01
9.970491e-01 7.263371e-03 -7.642187e-02 -3.572807e+00 -7.011893e-03 9.999691e-01 3.558470e-03 -8.199369e-01 7.644536e-02 -3.012107e-03 9.970692e-01 5.572159e+01
9.970160e-01 6.874597e-03 -7.688861e-02 -3.650415e+00 -6.242403e-03 9.999447e-01 8.459533e-03 -8.319989e-01 7.694252e-02 -7.954320e-03 9.970038e-01 5.667759e+01
9.969664e-01 8.709557e-03 -7.734392e-02 -3.731902e+00 -7.910727e-03 9.999122e-01 1.062866e-02 -8.387751e-01 7.742971e-02 -9.984574e-03 9.969478e-01 5.763356e+01
9.968279e-01 1.072567e-02 -7.886180e-02 -3.810055e+00 -1.023161e-02 9.999254e-01 6.666377e-03 -8.554699e-01 7.892742e-02 -5.838348e-03 9.968633e-01 5.856783e+01
9.966891e-01 1.278821e-02 -8.029500e-02 -3.890925e+00 -1.291662e-02 9.999160e-01 -1.080089e-03 -8.706651e-01 8.027444e-02 2.113653e-03 9.967706e-01 5.948603e+01
9.965864e-01 1.435223e-02 -8.129936e-02 -3.970410e+00 -1.516853e-02 9.998405e-01 -9.431898e-03 -8.608896e-01 8.115102e-02 1.063289e-02 9.966451e-01 6.039016e+01
9.964129e-01 1.997901e-02 -8.223191e-02 -4.057361e+00 -2.075056e-02 9.997482e-01 -8.538659e-03 -8.864777e-01 8.204062e-02 1.021439e-02 9.965766e-01 6.129131e+01
9.962590e-01 2.392228e-02 -8.304084e-02 -4.143051e+00 -2.454620e-02 9.996776e-01 -6.500529e-03 -9.114710e-01 8.285856e-02 8.514548e-03 9.965249e-01 6.218470e+01
9.960938e-01 2.665201e-02 -8.418358e-02 -4.228507e+00 -2.716881e-02 9.996184e-01 -4.999122e-03 -9.346884e-01 8.401821e-02 7.266762e-03 9.964377e-01 6.308358e+01
9.959615e-01 2.811821e-02 -8.526427e-02 -4.308322e+00 -2.867961e-02 9.995743e-01 -5.366281e-03 -9.549019e-01 8.507708e-02 7.789956e-03 9.963439e-01 6.394674e+01
9.957553e-01 3.036842e-02 -8.688609e-02 -4.389608e+00 -3.088571e-02 9.995123e-01 -4.615269e-03 -9.768007e-01 8.670356e-02 7.279217e-03 9.962076e-01 6.479998e+01
9.955863e-01 3.161723e-02 -8.836438e-02 -4.463913e+00 -3.210605e-02 9.994760e-01 -4.115803e-03 -9.971185e-01 8.818794e-02 6.934668e-03 9.960797e-01 6.563876e+01
9.954486e-01 3.180868e-02 -8.983428e-02 -4.538282e+00 -3.224867e-02 9.994739e-01 -3.450235e-03 -1.021174e+00 8.967727e-02 6.331568e-03 9.959508e-01 6.645741e+01
9.953208e-01 3.249221e-02 -9.099911e-02 -4.619768e+00 -3.285656e-02 9.994569e-01 -2.508299e-03 -1.040554e+00 9.086819e-02 5.486480e-03 9.958478e-01 6.726758e+01
9.950972e-01 3.588148e-02 -9.216361e-02 -4.702299e+00 -3.602980e-02 9.993507e-01 5.449906e-05 -1.058191e+00 9.210572e-02 3.266405e-03 9.957439e-01 6.805763e+01
9.949054e-01 3.797994e-02 -9.338558e-02 -4.779482e+00 -3.777252e-02 9.992784e-01 3.988323e-03 -1.071309e+00 9.346967e-02 -4.405957e-04 9.956220e-01 6.884598e+01
9.946001e-01 4.182058e-02 -9.498221e-02 -4.864674e+00 -4.145815e-02 9.991235e-01 5.786865e-03 -1.085932e+00 9.514096e-02 -1.817831e-03 9.954622e-01 6.961839e+01
9.943303e-01 4.473700e-02 -9.646658e-02 -4.948931e+00 -4.478609e-02 9.989952e-01 1.657424e-03 -1.101803e+00 9.644380e-02 2.672334e-03 9.953348e-01 7.037053e+01
9.941733e-01 4.517630e-02 -9.786995e-02 -5.034420e+00 -4.594327e-02 9.989284e-01 -5.595990e-03 -1.119100e+00 9.751226e-02 1.005985e-02 9.951835e-01 7.110314e+01
9.940359e-01 4.481074e-02 -9.942110e-02 -5.111283e+00 -4.617524e-02 9.988676e-01 -1.146486e-02 -1.136292e+00 9.879476e-02 1.598728e-02 9.949794e-01 7.181269e+01
9.939371e-01 4.618317e-02 -9.978045e-02 -5.193629e+00 -4.767709e-02 9.987828e-01 -1.263840e-02 -1.157694e+00 9.907532e-02 1.731901e-02 9.949292e-01 7.251037e+01
9.937323e-01 4.948225e-02 -1.002380e-01 -5.276422e+00 -5.067155e-02 9.986716e-01 -9.352170e-03 -1.176092e+00 9.964210e-02 1.437277e-02 9.949195e-01 7.318792e+01
9.935747e-01 5.021301e-02 -1.014291e-01 -5.350011e+00 -5.117994e-02 9.986653e-01 -6.951764e-03 -1.204294e+00 1.009447e-01 1.209823e-02 9.948185e-01 7.384685e+01
9.935885e-01 4.745232e-02 -1.026164e-01 -5.417384e+00 -4.874986e-02 9.987592e-01 -1.017247e-02 -1.227127e+00 1.020064e-01 1.510978e-02 9.946690e-01 7.448969e+01
9.939307e-01 3.973560e-02 -1.025813e-01 -5.479281e+00 -4.153283e-02 9.990178e-01 -1.544314e-02 -1.247570e+00 1.018669e-01 1.960990e-02 9.946047e-01 7.510417e+01
9.941579e-01 3.617608e-02 -1.016927e-01 -5.536693e+00 -3.844534e-02 9.990516e-01 -2.044359e-02 -1.266229e+00 1.008567e-01 2.423376e-02 9.946058e-01 7.570241e+01
9.943699e-01 3.885712e-02 -9.858262e-02 -5.602322e+00 -4.110960e-02 9.989356e-01 -2.092043e-02 -1.285438e+00 9.766478e-02 2.485534e-02 9.949089e-01 7.629388e+01
9.945533e-01 4.406820e-02 -9.445489e-02 -5.668319e+00 -4.598769e-02 9.987754e-01 -1.824124e-02 -1.302972e+00 9.353536e-02 2.248564e-02 9.953620e-01 7.688023e+01
9.950519e-01 4.277902e-02 -8.967498e-02 -5.720372e+00 -4.433779e-02 9.988969e-01 -1.546209e-02 -1.320013e+00 8.891461e-02 1.936157e-02 9.958511e-01 7.744205e+01
9.956800e-01 3.949659e-02 -8.403183e-02 -5.754643e+00 -4.061679e-02 9.991067e-01 -1.166248e-02 -1.335893e+00 8.349614e-02 1.502520e-02 9.963948e-01 7.799191e+01
9.964878e-01 3.557500e-02 -7.580584e-02 -5.784108e+00 -3.632527e-02 9.993035e-01 -8.541065e-03 -1.354748e+00 7.544919e-02 1.126473e-02 9.970860e-01 7.852007e+01
9.970962e-01 3.972061e-02 -6.497227e-02 -5.821375e+00 -4.040229e-02 9.991410e-01 -9.211289e-03 -1.371014e+00 6.455058e-02 1.180957e-02 9.978446e-01 7.903818e+01
9.977243e-01 4.543264e-02 -4.982107e-02 -5.850487e+00 -4.599774e-02 9.988889e-01 -1.025469e-02 -1.387851e+00 4.929982e-02 1.252301e-02 9.987055e-01 7.954577e+01
9.981992e-01 5.084027e-02 -3.183665e-02 -5.863596e+00 -5.119604e-02 9.986338e-01 -1.046073e-02 -1.400059e+00 3.126133e-02 1.207181e-02 9.994383e-01 8.004444e+01
9.987200e-01 4.963512e-02 -9.728600e-03 -5.853907e+00 -4.973960e-02 9.987037e-01 -1.080803e-02 -1.411326e+00 9.179532e-03 1.127809e-02 9.998943e-01 8.053539e+01
9.987258e-01 4.757423e-02 1.683648e-02 -5.837311e+00 -4.739289e-02 9.988156e-01 -1.101047e-02 -1.421467e+00 -1.734035e-02 1.019851e-02 9.997976e-01 8.100094e+01
9.978113e-01 4.695224e-02 4.656352e-02 -5.796644e+00 -4.650920e-02 9.988621e-01 -1.055360e-02 -1.439176e+00 -4.700606e-02 8.364870e-03 9.988596e-01 8.145934e+01
9.957266e-01 4.683684e-02 7.959155e-02 -5.736261e+00 -4.615981e-02 9.988807e-01 -1.032602e-02 -1.455424e+00 -7.998610e-02 6.607961e-03 9.967741e-01 8.191362e+01
9.920068e-01 4.703749e-02 1.170897e-01 -5.657810e+00 -4.603435e-02 9.988764e-01 -1.125853e-02 -1.469530e+00 -1.174877e-01 5.778388e-03 9.930575e-01 8.235811e+01
9.861694e-01 4.783602e-02 1.586874e-01 -5.557701e+00 -4.637875e-02 9.988409e-01 -1.287608e-02 -1.483716e+00 -1.591194e-01 5.338269e-03 9.872449e-01 8.279867e+01
9.778822e-01 4.785905e-02 2.036075e-01 -5.432993e+00 -4.585330e-02 9.988421e-01 -1.455992e-02 -1.502493e+00 -2.040685e-01 4.901817e-03 9.789443e-01 8.322626e+01
9.661330e-01 5.096497e-02 2.529617e-01 -5.303932e+00 -4.783076e-02 9.986836e-01 -1.852850e-02 -1.521002e+00 -2.535730e-01 5.801641e-03 9.672989e-01 8.363629e+01
9.506219e-01 5.245045e-02 3.058872e-01 -5.138083e+00 -4.758891e-02 9.985944e-01 -2.333432e-02 -1.542028e+00 -3.066811e-01 7.625279e-03 9.517818e-01 8.403514e+01
9.307512e-01 5.367346e-02 3.616924e-01 -4.954628e+00 -4.670427e-02 9.985165e-01 -2.799002e-02 -1.556460e+00 -3.626582e-01 9.159167e-03 9.318772e-01 8.441199e+01
9.063126e-01 5.506993e-02 4.190044e-01 -4.756418e+00 -4.578861e-02 9.984326e-01 -3.218299e-02 -1.571205e+00 -4.201200e-01 9.982224e-03 9.074137e-01 8.476433e+01
8.769994e-01 5.610526e-02 4.772046e-01 -4.538326e+00 -4.385523e-02 9.983606e-01 -3.678144e-02 -1.582778e+00 -4.784858e-01 1.132939e-02 8.780222e-01 8.509911e+01
8.431447e-01 5.516030e-02 5.348499e-01 -4.303122e+00 -3.936662e-02 9.983871e-01 -4.090789e-02 -1.604232e+00 -5.362437e-01 1.343603e-02 8.439562e-01 8.541152e+01
8.058521e-01 5.534238e-02 5.895250e-01 -4.045952e+00 -3.635745e-02 9.983687e-01 -4.402421e-02 -1.628232e+00 -5.909997e-01 1.404337e-02 8.065496e-01 8.570522e+01
7.655918e-01 5.420742e-02 6.410388e-01 -3.769028e+00 -3.323910e-02 9.984459e-01 -4.473300e-02 -1.652925e+00 -6.424674e-01 1.293966e-02 7.662037e-01 8.597865e+01
7.225447e-01 5.469041e-02 6.891575e-01 -3.474506e+00 -3.250966e-02 9.984511e-01 -4.515080e-02 -1.667367e+00 -6.905593e-01 1.021919e-02 7.232035e-01 8.623185e+01
6.771484e-01 5.444764e-02 7.338294e-01 -3.165316e+00 -2.919192e-02 9.984614e-01 -4.714530e-02 -1.681178e+00 -7.352672e-01 1.050248e-02 6.776959e-01 8.646453e+01
6.302005e-01 5.380727e-02 7.745658e-01 -2.850860e+00 -2.371543e-02 9.984643e-01 -5.006568e-02 -1.702325e+00 -7.760702e-01 1.318226e-02 6.305088e-01 8.667155e+01
5.837337e-01 5.213356e-02 8.102698e-01 -2.516704e+00 -1.493765e-02 9.984572e-01 -5.348035e-02 -1.714138e+00 -8.118078e-01 1.911476e-02 5.836118e-01 8.684838e+01
5.368310e-01 5.491040e-02 8.419010e-01 -2.184760e+00 -1.365274e-02 9.983145e-01 -5.640644e-02 -1.729464e+00 -8.435793e-01 1.878646e-02 5.366758e-01 8.701506e+01
4.888323e-01 5.840220e-02 8.704207e-01 -1.843257e+00 -1.507046e-02 9.981730e-01 -5.851030e-02 -1.753841e+00 -8.722476e-01 1.548408e-02 4.888194e-01 8.718108e+01
4.429430e-01 6.114120e-02 8.944625e-01 -1.496805e+00 -1.320519e-02 9.980086e-01 -6.167983e-02 -1.775574e+00 -8.964525e-01 1.550910e-02 4.428683e-01 8.732176e+01
4.007929e-01 5.912750e-02 9.142587e-01 -1.140488e+00 -3.737323e-03 9.980125e-01 -6.290570e-02 -1.797728e+00 -9.161611e-01 2.179528e-02 4.002173e-01 8.743361e+01
3.618403e-01 5.192482e-02 9.307929e-01 -7.707706e-01 1.297954e-02 9.980702e-01 -6.072365e-02 -1.821328e+00 -9.321497e-01 3.405353e-02 3.604681e-01 8.752333e+01
3.267677e-01 4.847937e-02 9.438605e-01 -4.130800e-01 1.865399e-02 9.981582e-01 -5.772633e-02 -1.850407e+00 -9.449206e-01 3.646987e-02 3.252615e-01 8.760151e+01
2.933586e-01 5.299464e-02 9.545325e-01 -4.618453e-02 1.757270e-02 9.979948e-01 -6.080828e-02 -1.875244e+00 -9.558409e-01 3.461234e-02 2.918391e-01 8.769628e+01
2.615288e-01 6.090935e-02 9.632719e-01 3.200387e-01 7.846629e-03 9.978397e-01 -6.522550e-02 -1.910158e+00 -9.651638e-01 2.461678e-02 2.604859e-01 8.779336e+01
2.329305e-01 6.557248e-02 9.702802e-01 7.018176e-01 4.917271e-03 9.976320e-01 -6.860141e-02 -1.944601e+00 -9.724810e-01 2.075049e-02 2.320565e-01 8.787633e+01
2.074559e-01 6.761365e-02 9.759049e-01 1.096987e+00 7.650955e-03 9.974659e-01 -7.073388e-02 -1.975185e+00 -9.782144e-01 2.214077e-02 2.064129e-01 8.793784e+01
1.845641e-01 6.931290e-02 9.803733e-01 1.507432e+00 1.639864e-02 9.971540e-01 -7.358650e-02 -2.003652e+00 -9.826837e-01 2.965822e-02 1.829022e-01 8.798893e+01
1.646925e-01 7.595448e-02 9.834161e-01 1.921422e+00 2.402078e-02 9.964261e-01 -8.098206e-02 -2.026557e+00 -9.860524e-01 3.695956e-02 1.622794e-01 8.803397e+01
1.450211e-01 8.284485e-02 9.859542e-01 2.345141e+00 2.662118e-02 9.958010e-01 -8.758787e-02 -2.049766e+00 -9.890704e-01 3.894936e-02 1.422067e-01 8.808232e+01
1.273402e-01 8.404756e-02 9.882917e-01 2.784539e+00 2.549437e-02 9.957968e-01 -8.797074e-02 -2.080412e+00 -9.915314e-01 3.639808e-02 1.246622e-01 8.813355e+01
1.117616e-01 7.994191e-02 9.905143e-01 3.240669e+00 2.448253e-02 9.962349e-01 -8.316602e-02 -2.123294e+00 -9.934334e-01 3.354506e-02 1.093837e-01 8.817742e+01
9.725071e-02 7.706174e-02 9.922720e-01 3.708986e+00 2.548693e-02 9.964781e-01 -7.988632e-02 -2.164896e+00 -9.949335e-01 3.305897e-02 9.494413e-02 8.821553e+01
8.418738e-02 7.485653e-02 9.936342e-01 4.193260e+00 2.879065e-02 9.965752e-01 -7.751742e-02 -2.204702e+00 -9.960339e-01 3.513336e-02 8.174389e-02 8.824501e+01
7.297040e-02 7.428641e-02 9.945636e-01 4.669345e+00 3.370119e-02 9.964690e-01 -7.690135e-02 -2.241091e+00 -9.967645e-01 3.912950e-02 7.020920e-02 8.826065e+01
6.295576e-02 7.529210e-02 9.951722e-01 5.181094e+00 3.793121e-02 9.962492e-01 -7.777316e-02 -2.279237e+00 -9.972952e-01 4.264435e-02 5.986370e-02 8.828379e+01
5.526344e-02 7.602630e-02 9.955732e-01 5.711131e+00 4.042169e-02 9.961092e-01 -7.831101e-02 -2.322571e+00 -9.976533e-01 4.457048e-02 5.197530e-02 8.830550e+01
4.995322e-02 7.662626e-02 9.958078e-01 6.258525e+00 4.273220e-02 9.959755e-01 -7.878277e-02 -2.365834e+00 -9.978370e-01 4.648851e-02 4.647777e-02 8.832152e+01
4.446643e-02 7.797443e-02 9.959632e-01 6.820334e+00 4.453588e-02 9.958034e-01 -7.995030e-02 -2.411100e+00 -9.980177e-01 4.791120e-02 4.080716e-02 8.834095e+01
3.868334e-02 7.869314e-02 9.961481e-01 7.405156e+00 4.599580e-02 9.956973e-01 -8.044368e-02 -2.458888e+00 -9.981924e-01 4.893046e-02 3.489734e-02 8.835862e+01
3.442163e-02 7.887742e-02 9.962899e-01 8.006427e+00 4.867974e-02 9.955650e-01 -8.050191e-02 -2.511480e+00 -9.982211e-01 5.127014e-02 3.042924e-02 8.837549e+01
3.160901e-02 7.894037e-02 9.963781e-01 8.624580e+00 5.033924e-02 9.954854e-01 -8.046660e-02 -2.564730e+00 -9.982319e-01 5.270038e-02 2.749251e-02 8.838966e+01
2.864106e-02 7.868280e-02 9.964882e-01 9.263767e+00 5.145134e-02 9.954596e-01 -8.008040e-02 -2.619436e+00 -9.982647e-01 5.356424e-02 2.446268e-02 8.840422e+01
2.596912e-02 7.885178e-02 9.965480e-01 9.951927e+00 5.456412e-02 9.952863e-01 -8.017384e-02 -2.666148e+00 -9.981725e-01 5.645781e-02 2.154423e-02 8.842582e+01
2.543924e-02 7.877175e-02 9.965680e-01 1.061850e+01 5.852893e-02 9.950632e-01 -8.014686e-02 -2.723473e+00 -9.979615e-01 6.036694e-02 2.070323e-02 8.843954e+01
2.642579e-02 7.834992e-02 9.965756e-01 1.129588e+01 6.135560e-02 9.949171e-01 -7.984647e-02 -2.794910e+00 -9.977661e-01 6.325550e-02 2.148426e-02 8.845454e+01
2.888391e-02 7.853814e-02 9.964926e-01 1.199584e+01 6.263976e-02 9.948069e-01 -8.022094e-02 -2.854804e+00 -9.976182e-01 6.473715e-02 2.381431e-02 8.847256e+01
3.273228e-02 7.859052e-02 9.963695e-01 1.270804e+01 6.421623e-02 9.946785e-01 -8.056675e-02 -2.921630e+00 -9.973991e-01 6.662022e-02 2.751130e-02 8.849423e+01
3.702657e-02 7.845728e-02 9.962296e-01 1.344500e+01 6.354586e-02 9.947108e-01 -8.069945e-02 -2.984456e+00 -9.972918e-01 6.629429e-02 3.184509e-02 8.852114e+01
4.114022e-02 7.699311e-02 9.961825e-01 1.419872e+01 6.433889e-02 9.947532e-01 -7.953970e-02 -3.049824e+00 -9.970797e-01 6.736556e-02 3.597072e-02 8.854960e+01
4.500976e-02 7.559394e-02 9.961223e-01 1.496044e+01 6.331279e-02 9.949124e-01 -7.836291e-02 -3.117647e+00 -9.969782e-01 6.659437e-02 3.999471e-02 8.858490e+01
4.874549e-02 7.361596e-02 9.960947e-01 1.573915e+01 5.957426e-02 9.952904e-01 -7.647189e-02 -3.187850e+00 -9.970330e-01 6.306926e-02 4.413030e-02 8.863350e+01
5.273371e-02 7.277726e-02 9.959531e-01 1.653406e+01 5.814808e-02 9.954248e-01 -7.581747e-02 -3.253999e+00 -9.969142e-01 6.191090e-02 4.826058e-02 8.867818e+01
5.675375e-02 7.386900e-02 9.956517e-01 1.733197e+01 5.496662e-02 9.955154e-01 -7.699207e-02 -3.325805e+00 -9.968740e-01 5.909720e-02 5.243890e-02 8.872647e+01
5.969130e-02 7.804895e-02 9.951609e-01 1.813252e+01 5.206173e-02 9.953384e-01 -8.118561e-02 -3.403156e+00 -9.968583e-01 5.665588e-02 5.534968e-02 8.877884e+01
6.056211e-02 8.344050e-02 9.946708e-01 1.893330e+01 4.553549e-02 9.952315e-01 -8.626004e-02 -3.480040e+00 -9.971252e-01 5.051691e-02 5.647381e-02 8.883744e+01
6.004885e-02 8.682201e-02 9.944124e-01 1.975072e+01 4.239945e-02 9.950892e-01 -8.944144e-02 -3.556782e+00 -9.972946e-01 4.753340e-02 5.607275e-02 8.889635e+01
5.975343e-02 8.647930e-02 9.944601e-01 2.056446e+01 3.952581e-02 9.952539e-01 -8.892329e-02 -3.641836e+00 -9.974303e-01 4.462031e-02 5.605167e-02 8.895600e+01
5.951922e-02 8.482153e-02 9.946169e-01 2.137958e+01 3.603861e-02 9.955512e-01 -8.705780e-02 -3.727882e+00 -9.975764e-01 4.102622e-02 5.619758e-02 8.900839e+01
5.940801e-02 8.370541e-02 9.947181e-01 2.220331e+01 3.658624e-02 9.956260e-01 -8.596686e-02 -3.810820e+00 -9.975631e-01 4.150012e-02 5.608569e-02 8.906234e+01
5.970842e-02 8.321290e-02 9.947414e-01 2.302215e+01 3.359594e-02 9.957873e-01 -8.531695e-02 -3.895127e+00 -9.976503e-01 3.851341e-02 5.666127e-02 8.911550e+01
5.951935e-02 8.387297e-02 9.946973e-01 2.384052e+01 3.171201e-02 9.958021e-01 -8.586366e-02 -3.974960e+00 -9.977233e-01 3.665440e-02 5.660971e-02 8.917449e+01
5.934026e-02 8.461949e-02 9.946448e-01 2.465690e+01 2.851786e-02 9.958503e-01 -8.642342e-02 -4.058342e+00 -9.978304e-01 3.349353e-02 5.668085e-02 8.923259e+01
5.787357e-02 8.605330e-02 9.946082e-01 2.546893e+01 2.528024e-02 9.958322e-01 -8.763019e-02 -4.142945e+00 -9.980038e-01 3.021540e-02 5.545692e-02 8.928726e+01
5.475892e-02 8.589597e-02 9.947981e-01 2.628278e+01 2.218631e-02 9.959423e-01 -8.721602e-02 -4.224167e+00 -9.982531e-01 2.684675e-02 5.263101e-02 8.934035e+01
5.070547e-02 8.482804e-02 9.951046e-01 2.709603e+01 1.941942e-02 9.961142e-01 -8.590361e-02 -4.307155e+00 -9.985248e-01 2.368014e-02 4.886112e-02 8.938818e+01
4.563411e-02 8.268120e-02 9.955307e-01 2.790871e+01 1.753175e-02 9.963491e-01 -8.355281e-02 -4.387585e+00 -9.988044e-01 2.126625e-02 4.401796e-02 8.943206e+01
3.927847e-02 8.092478e-02 9.959460e-01 2.872211e+01 1.548955e-02 9.965461e-01 -8.158442e-02 -4.465663e+00 -9.991082e-01 1.863126e-02 3.788932e-02 8.946894e+01
3.189823e-02 8.123601e-02 9.961843e-01 2.953193e+01 1.514754e-02 9.965378e-01 -8.174986e-02 -4.546745e+00 -9.993763e-01 1.769742e-02 3.055727e-02 8.949841e+01
2.329438e-02 8.239484e-02 9.963275e-01 3.033285e+01 1.483060e-02 9.964598e-01 -8.275252e-02 -4.625872e+00 -9.996186e-01 1.670380e-02 2.198994e-02 8.951485e+01
1.338959e-02 8.291826e-02 9.964664e-01 3.113845e+01 1.569435e-02 9.964155e-01 -8.312492e-02 -4.702739e+00 -9.997872e-01 1.675190e-02 1.204025e-02 8.952747e+01
3.139714e-03 8.210229e-02 9.966190e-01 3.193578e+01 1.706173e-02 9.964744e-01 -8.214413e-02 -4.781298e+00 -9.998495e-01 1.726195e-02 1.727838e-03 8.952865e+01
-7.372820e-03 8.139838e-02 9.966544e-01 3.273764e+01 1.662727e-02 9.965537e-01 -8.126715e-02 -4.857641e+00 -9.998346e-01 1.597247e-02 -8.700844e-03 8.952182e+01
-1.828170e-02 8.095120e-02 9.965504e-01 3.352786e+01 1.854143e-02 9.965730e-01 -8.061290e-02 -4.930401e+00 -9.996609e-01 1.700373e-02 -1.972000e-02 8.950264e+01
-2.931268e-02 8.148360e-02 9.962435e-01 3.430686e+01 1.892543e-02 9.965384e-01 -8.095087e-02 -5.005949e+00 -9.993911e-01 1.648145e-02 -3.075333e-02 8.947608e+01
-4.035105e-02 8.214563e-02 9.958031e-01 3.508462e+01 1.924307e-02 9.964939e-01 -8.142286e-02 -5.082657e+00 -9.990002e-01 1.587681e-02 -4.179030e-02 8.944279e+01
-5.104093e-02 8.320590e-02 9.952244e-01 3.585936e+01 1.839550e-02 9.964326e-01 -8.236348e-02 -5.162408e+00 -9.985271e-01 1.410374e-02 -5.238946e-02 8.940110e+01
-6.131590e-02 8.436693e-02 9.945464e-01 3.662326e+01 1.920887e-02 9.963365e-01 -8.333451e-02 -5.236976e+00 -9.979336e-01 1.399439e-02 -6.271186e-02 8.935065e+01
-7.065819e-02 8.521999e-02 9.938536e-01 3.738213e+01 2.026606e-02 9.962609e-01 -8.398558e-02 -5.312720e+00 -9.972947e-01 1.420723e-02 -7.212106e-02 8.928899e+01
-8.029536e-02 8.565026e-02 9.930844e-01 3.813223e+01 2.076409e-02 9.962289e-01 -8.424259e-02 -5.393029e+00 -9.965548e-01 1.385621e-02 -8.177100e-02 8.922340e+01
-8.965883e-02 8.601442e-02 9.922514e-01 3.887131e+01 2.155739e-02 9.961980e-01 -8.440863e-02 -5.469952e+00 -9.957392e-01 1.382237e-02 -9.117219e-02 8.915429e+01
-9.811915e-02 8.566619e-02 9.914807e-01 3.960606e+01 2.310223e-02 9.962157e-01 -8.378905e-02 -5.544803e+00 -9.949065e-01 1.468411e-02 -9.972692e-02 8.907661e+01
-1.052636e-01 8.454538e-02 9.908439e-01 4.033677e+01 2.483272e-02 9.962922e-01 -8.237213e-02 -5.621753e+00 -9.941343e-01 1.593457e-02 -1.069728e-01 8.899559e+01
-1.103179e-01 8.299268e-02 9.904252e-01 4.105921e+01 2.773476e-02 9.963766e-01 -8.040215e-02 -5.694051e+00 -9.935093e-01 1.859941e-02 -1.122200e-01 8.891220e+01
-1.141989e-01 8.138516e-02 9.901187e-01 4.177266e+01 3.061302e-02 9.964538e-01 -7.837503e-02 -5.769329e+00 -9.929861e-01 2.136018e-02 -1.162854e-01 8.883035e+01
-1.169562e-01 8.051029e-02 9.898683e-01 4.247800e+01 3.213118e-02 9.964937e-01 -7.725275e-02 -5.836244e+00 -9.926172e-01 2.277045e-02 -1.191330e-01 8.875068e+01
-1.187163e-01 7.982268e-02 9.897145e-01 4.316579e+01 3.218955e-02 9.965489e-01 -7.651275e-02 -5.902179e+00 -9.924063e-01 2.277515e-02 -1.208761e-01 8.866765e+01
-1.195785e-01 8.026213e-02 9.895751e-01 4.383404e+01 3.237747e-02 9.965120e-01 -7.691233e-02 -5.968536e+00 -9.922967e-01 2.284288e-02 -1.217601e-01 8.858713e+01
-1.185357e-01 8.145888e-02 9.896028e-01 4.448577e+01 3.268185e-02 9.964093e-01 -7.810449e-02 -6.031143e+00 -9.924118e-01 2.308388e-02 -1.207724e-01 8.850532e+01
-1.155456e-01 8.325796e-02 9.898067e-01 4.511762e+01 3.319152e-02 9.962481e-01 -7.992515e-02 -6.090283e+00 -9.927475e-01 2.361819e-02 -1.178755e-01 8.843098e+01
-1.104598e-01 8.398843e-02 9.903255e-01 4.573922e+01 3.284725e-02 9.961872e-01 -8.082181e-02 -6.148870e+00 -9.933377e-01 2.360191e-02 -1.127974e-01 8.836653e+01
-1.024908e-01 8.463483e-02 9.911269e-01 4.632676e+01 3.116295e-02 9.961580e-01 -8.184194e-02 -6.212570e+00 -9.942457e-01 2.249840e-02 -1.047345e-01 8.830584e+01
-9.150467e-02 8.477142e-02 9.921899e-01 4.690604e+01 2.892210e-02 9.961759e-01 -8.244465e-02 -6.269645e+00 -9.953846e-01 2.115214e-02 -9.360651e-02 8.826221e+01
-7.798870e-02 8.526164e-02 9.933017e-01 4.747039e+01 2.700986e-02 9.961513e-01 -8.338557e-02 -6.326029e+00 -9.965883e-01 2.032581e-02 -7.999144e-02 8.823203e+01
-6.076875e-02 8.675303e-02 9.943747e-01 4.801189e+01 2.497628e-02 9.960361e-01 -8.537161e-02 -6.382989e+00 -9.978393e-01 1.964786e-02 -6.269464e-02 8.821003e+01
-3.964292e-02 8.941936e-02 9.952048e-01 4.854261e+01 2.154958e-02 9.958326e-01 -8.861736e-02 -6.439499e+00 -9.989815e-01 1.793319e-02 -4.140466e-02 8.820356e+01
-1.536928e-02 9.232798e-02 9.956100e-01 4.906430e+01 1.647485e-02 9.956159e-01 -9.207420e-02 -6.497294e+00 -9.997462e-01 1.498741e-02 -1.682299e-02 8.821433e+01
1.270850e-02 9.445100e-02 9.954484e-01 4.957975e+01 1.252011e-02 9.954357e-01 -9.460963e-02 -6.551627e+00 -9.998409e-01 1.366547e-02 1.146796e-02 8.824234e+01
4.581310e-02 9.441299e-02 9.944784e-01 5.009942e+01 7.987562e-03 9.954573e-01 -9.487388e-02 -6.604178e+00 -9.989181e-01 1.228992e-02 4.485085e-02 8.828485e+01
8.404878e-02 9.229738e-02 9.921779e-01 5.061067e+01 4.125442e-03 9.956603e-01 -9.297080e-02 -6.656501e+00 -9.964531e-01 1.190726e-02 8.330327e-02 8.834495e+01
1.263386e-01 8.908056e-02 9.879794e-01 5.111985e+01 -1.062537e-03 9.959714e-01 -8.966529e-02 -6.705928e+00 -9.919866e-01 1.027842e-02 1.259243e-01 8.842952e+01
1.716154e-01 8.541682e-02 9.814541e-01 5.161672e+01 -6.493465e-03 9.963106e-01 -8.557436e-02 -6.751584e+00 -9.851426e-01 8.312839e-03 1.715369e-01 8.853928e+01
2.201268e-01 8.276566e-02 9.719537e-01 5.211063e+01 -1.442110e-02 9.965612e-01 -8.159501e-02 -6.798813e+00 -9.753647e-01 3.944607e-03 2.205634e-01 8.867355e+01
2.720691e-01 8.194049e-02 9.587826e-01 5.257749e+01 -2.142722e-02 9.966367e-01 -7.909532e-02 -6.839644e+00 -9.620391e-01 9.753492e-04 2.729098e-01 8.883128e+01
3.275251e-01 8.240221e-02 9.412424e-01 5.303396e+01 -2.593695e-02 9.965984e-01 -7.822312e-02 -6.877791e+00 -9.444864e-01 1.207079e-03 3.285482e-01 8.901592e+01
3.862590e-01 8.377966e-02 9.185777e-01 5.348066e+01 -2.803771e-02 9.964728e-01 -7.909438e-02 -6.914477e+00 -9.219641e-01 4.796103e-03 3.872456e-01 8.922928e+01
4.469686e-01 8.703504e-02 8.903056e-01 5.389909e+01 -3.177753e-02 9.961723e-01 -8.143085e-02 -6.963291e+00 -8.939851e-01 8.105320e-03 4.480235e-01 8.946559e+01
5.073541e-01 8.993619e-02 8.570317e-01 5.429803e+01 -3.454161e-02 9.958621e-01 -8.405666e-02 -7.012391e+00 -8.610451e-01 1.304324e-02 5.083613e-01 8.972932e+01
5.655061e-01 9.446952e-02 8.193158e-01 5.466392e+01 -4.262738e-02 9.954383e-01 -8.535480e-02 -7.050271e+00 -8.236418e-01 1.334337e-02 5.669534e-01 9.002842e+01
6.213191e-01 9.726843e-02 7.774969e-01 5.500735e+01 -4.990429e-02 9.951628e-01 -8.461956e-02 -7.087027e+00 -7.819668e-01 1.377532e-02 6.231678e-01 9.035388e+01
6.744319e-01 9.725245e-02 7.319041e-01 5.532731e+01 -5.403560e-02 9.951303e-01 -8.243639e-02 -7.127578e+00 -7.363571e-01 1.604886e-02 6.764028e-01 9.069842e+01
7.238078e-01 9.427620e-02 6.835308e-01 5.563200e+01 -5.640708e-02 9.953908e-01 -7.755874e-02 -7.168175e+00 -6.876922e-01 1.758165e-02 7.257894e-01 9.106590e+01
7.691468e-01 9.068986e-02 6.326046e-01 5.590312e+01 -6.102133e-02 9.957789e-01 -6.856209e-02 -7.203963e+00 -6.361522e-01 1.413194e-02 7.714342e-01 9.144310e+01
8.106149e-01 8.210214e-02 5.797954e-01 5.612938e+01 -6.118500e-02 9.965779e-01 -5.557773e-02 -7.258428e+00 -5.823743e-01 9.577353e-03 8.128643e-01 9.180783e+01
8.467870e-01 7.998796e-02 5.258838e-01 5.633188e+01 -6.569097e-02 9.967867e-01 -4.583652e-02 -7.275820e+00 -5.278603e-01 4.267961e-03 8.493205e-01 9.222063e+01
8.777673e-01 7.580561e-02 4.730518e-01 5.651144e+01 -6.742625e-02 9.971215e-01 -3.467454e-02 -7.302382e+00 -4.743187e-01 -1.459924e-03 8.803520e-01 9.264884e+01
9.029081e-01 7.638338e-02 4.229925e-01 5.666105e+01 -7.215667e-02 9.970538e-01 -2.602291e-02 -7.320854e+00 -4.237339e-01 -7.025433e-03 9.057595e-01 9.307332e+01
9.225969e-01 7.850648e-02 3.776926e-01 5.679186e+01 -7.683104e-02 9.968529e-01 -1.952733e-02 -7.340126e+00 -3.780369e-01 -1.100266e-02 9.257251e-01 9.351796e+01
9.372017e-01 8.471157e-02 3.383443e-01 5.690447e+01 -8.489978e-02 9.962873e-01 -1.427195e-02 -7.355232e+00 -3.382971e-01 -1.534966e-02 9.409141e-01 9.397425e+01
9.486434e-01 8.967920e-02 3.033701e-01 5.700952e+01 -8.996000e-02 9.958595e-01 -1.307951e-02 -7.362314e+00 -3.032869e-01 -1.488338e-02 9.527830e-01 9.443391e+01
9.576538e-01 9.252825e-02 2.726495e-01 5.711743e+01 -9.300490e-02 9.956026e-01 -1.120440e-02 -7.363265e+00 -2.724873e-01 -1.462781e-02 9.620482e-01 9.490322e+01
9.640649e-01 8.749125e-02 2.508468e-01 5.722869e+01 -8.781340e-02 9.960874e-01 -9.930865e-03 -7.366867e+00 -2.507342e-01 -1.245371e-02 9.679758e-01 9.537777e+01
9.681632e-01 8.504232e-02 2.354310e-01 5.733332e+01 -8.546584e-02 9.963055e-01 -8.423879e-03 -7.376827e+00 -2.352776e-01 -1.196562e-02 9.718546e-01 9.586592e+01
9.707421e-01 8.929758e-02 2.229030e-01 5.742514e+01 -8.975872e-02 9.959307e-01 -8.082588e-03 -7.381761e+00 -2.227177e-01 -1.216138e-02 9.748071e-01 9.636376e+01
9.723307e-01 9.519280e-02 2.133338e-01 5.751775e+01 -9.586761e-02 9.953680e-01 -7.203940e-03 -7.384835e+00 -2.130314e-01 -1.344719e-02 9.769528e-01 9.686926e+01
9.727624e-01 1.037355e-01 2.072977e-01 5.760977e+01 -1.043008e-01 9.945117e-01 -8.231203e-03 -7.390321e+00 -2.070138e-01 -1.361431e-02 9.782433e-01 9.738058e+01
9.727188e-01 1.103896e-01 2.040399e-01 5.770739e+01 -1.103514e-01 9.938249e-01 -1.160095e-02 -7.402811e+00 -2.040605e-01 -1.123162e-02 9.788938e-01 9.790255e+01
9.727004e-01 1.122868e-01 2.030900e-01 5.781269e+01 -1.117790e-01 9.936344e-01 -1.400620e-02 -7.418534e+00 -2.033699e-01 -9.077356e-03 9.790599e-01 9.843339e+01
9.723228e-01 1.115100e-01 2.053141e-01 5.792617e+01 -1.102250e-01 9.937486e-01 -1.772238e-02 -7.436370e+00 -2.060069e-01 -5.398885e-03 9.785357e-01 9.897577e+01
9.716896e-01 1.106452e-01 2.087510e-01 5.804938e+01 -1.078969e-01 9.938591e-01 -2.454360e-02 -7.448977e+00 -2.101847e-01 1.325177e-03 9.776608e-01 9.952411e+01
9.707541e-01 1.117637e-01 2.124741e-01 5.817354e+01 -1.078993e-01 9.937171e-01 -2.973478e-02 -7.462287e+00 -2.144624e-01 5.939355e-03 9.767142e-01 1.000928e+02
9.691301e-01 1.172443e-01 2.168884e-01 5.829213e+01 -1.134635e-01 9.930937e-01 -2.984825e-02 -7.480228e+00 -2.188901e-01 4.317924e-03 9.757400e-01 1.006795e+02
9.673130e-01 1.209819e-01 2.228654e-01 5.841715e+01 -1.180400e-01 9.926545e-01 -2.652541e-02 -7.497502e+00 -2.244374e-01 -6.486619e-04 9.744883e-01 1.012744e+02
9.664296e-01 1.184752e-01 2.279857e-01 5.855834e+01 -1.164128e-01 9.929455e-01 -2.252175e-02 -7.516448e+00 -2.290456e-01 -4.774771e-03 9.734040e-01 1.018760e+02
9.658822e-01 1.146868e-01 2.322038e-01 5.871015e+01 -1.137755e-01 9.933548e-01 -1.735944e-02 -7.537358e+00 -2.326517e-01 -9.651931e-03 9.725122e-01 1.024938e+02
9.651360e-01 1.126680e-01 2.362594e-01 5.886266e+01 -1.127536e-01 9.935354e-01 -1.319325e-02 -7.555033e+00 -2.362186e-01 -1.390583e-02 9.716004e-01 1.031251e+02
9.648544e-01 1.085749e-01 2.393063e-01 5.901848e+01 -1.086545e-01 9.939959e-01 -1.290077e-02 -7.570457e+00 -2.392701e-01 -1.355434e-02 9.708584e-01 1.037605e+02
9.651423e-01 1.058027e-01 2.393868e-01 5.918164e+01 -1.049704e-01 9.943424e-01 -1.626130e-02 -7.583724e+00 -2.397529e-01 -9.434060e-03 9.707881e-01 1.043955e+02
9.661749e-01 9.854920e-02 2.383150e-01 5.934811e+01 -9.552853e-02 9.951320e-01 -2.422082e-02 -7.585767e+00 -2.395418e-01 6.356690e-04 9.708858e-01 1.050414e+02
9.661967e-01 1.013532e-01 2.370476e-01 5.950180e+01 -9.675267e-02 9.948258e-01 -3.099224e-02 -7.606084e+00 -2.389622e-01 7.009613e-03 9.710036e-01 1.057004e+02
9.665178e-01 1.045638e-01 2.343284e-01 5.965590e+01 -9.913982e-02 9.944633e-01 -3.484183e-02 -7.621849e+00 -2.366742e-01 1.044396e-02 9.715329e-01 1.063827e+02
9.672037e-01 1.028602e-01 2.322430e-01 5.981652e+01 -9.843205e-02 9.946730e-01 -3.060749e-02 -7.643921e+00 -2.341541e-01 6.743522e-03 9.721761e-01 1.070724e+02
9.677284e-01 9.935047e-02 2.315841e-01 5.997928e+01 -9.663070e-02 9.950525e-01 -2.308735e-02 -7.667655e+00 -2.327321e-01 -3.585116e-05 9.725409e-01 1.077863e+02
9.680732e-01 1.005931e-01 2.295981e-01 6.014153e+01 -9.930784e-02 9.949085e-01 -1.717648e-02 -7.693088e+00 -2.301570e-01 -6.172806e-03 9.731339e-01 1.084987e+02
9.680511e-01 1.044940e-01 2.279432e-01 6.029646e+01 -1.031607e-01 9.945056e-01 -1.778987e-02 -7.718438e+00 -2.285497e-01 -6.293277e-03 9.735119e-01 1.092265e+02
9.678796e-01 1.108776e-01 2.256441e-01 6.044483e+01 -1.086359e-01 9.938299e-01 -2.236707e-02 -7.739786e+00 -2.267319e-01 -2.864428e-03 9.739530e-01 1.099576e+02
9.686541e-01 1.126400e-01 2.214077e-01 6.060276e+01 -1.092364e-01 9.936326e-01 -2.759872e-02 -7.757972e+00 -2.231066e-01 2.547846e-03 9.747907e-01 1.106959e+02
9.696297e-01 1.120318e-01 2.174101e-01 6.076253e+01 -1.080045e-01 9.936868e-01 -3.035836e-02 -7.779860e+00 -2.194386e-01 5.955114e-03 9.756081e-01 1.114444e+02
9.706169e-01 1.103579e-01 2.138318e-01 6.092429e+01 -1.066473e-01 9.938783e-01 -2.884854e-02 -7.806048e+00 -2.157064e-01 5.196314e-03 9.764444e-01 1.122092e+02
9.716157e-01 1.075783e-01 2.106888e-01 6.109001e+01 -1.042748e-01 9.941884e-01 -2.676043e-02 -7.833182e+00 -2.123432e-01 4.031329e-03 9.771868e-01 1.129921e+02
