1.000000e+00 1.197625e-11 1.704638e-10 1.110223e-16 1.197625e-11 1.000000e+00 3.562503e-10 0.000000e+00 1.704638e-10 3.562503e-10 1.000000e+00 2.220446e-16
9.999976e-01 -1.430532e-03 -1.632223e-03 1.370177e-03 1.428886e-03 9.999985e-01 -1.009102e-03 -7.987331e-03 1.633664e-03 1.006768e-03 9.999982e-01 5.792552e-01
9.999951e-01 -1.559645e-03 -2.703189e-03 -7.375698e-03 1.552978e-03 9.999958e-01 -2.466747e-03 -2.723419e-02 2.707025e-03 2.462537e-03 9.999933e-01 1.158704e+00
9.999893e-01 -1.529710e-03 -4.366176e-03 -2.486378e-02 1.513502e-03 9.999920e-01 -3.713011e-03 -4.720529e-02 4.371820e-03 3.706363e-03 9.999836e-01 1.731933e+00
9.999760e-01 -3.085929e-03 -6.208649e-03 -3.274903e-02 3.051816e-03 9.999802e-01 -5.496549e-03 -6.335549e-02 6.225489e-03 5.477469e-03 9.999656e-01 2.306514e+00
9.999579e-01 -4.985962e-03 -7.707700e-03 -4.211004e-02 4.927378e-03 9.999590e-01 -7.601135e-03 -7.621802e-02 7.745282e-03 7.562836e-03 9.999414e-01 2.886930e+00
9.999403e-01 -6.013310e-03 -9.118978e-03 -5.252724e-02 5.936681e-03 9.999470e-01 -8.407187e-03 -8.739694e-02 9.169050e-03 8.352549e-03 9.999231e-01 3.472944e+00
9.999283e-01 -5.846141e-03 -1.045104e-02 -6.805209e-02 5.764350e-03 9.999527e-01 -7.839253e-03 -1.014866e-01 1.049637e-02 7.778447e-03 9.999147e-01 4.068395e+00
9.999148e-01 -5.750532e-03 -1.171538e-02 -7.466752e-02 5.653752e-03 9.999498e-01 -8.277369e-03 -1.194608e-01 1.176239e-02 8.210429e-03 9.998971e-01 4.664732e+00
9.999055e-01 -4.928109e-03 -1.283736e-02 -8.643283e-02 4.787000e-03 9.999280e-01 -1.099973e-02 -1.364849e-01 1.289065e-02 1.093724e-02 9.998571e-01 5.264653e+00
9.998967e-01 -3.018853e-03 -1.404974e-02 -1.020561e-01 2.808966e-03 9.998845e-01 -1.493467e-02 -1.520899e-01 1.409321e-02 1.489366e-02 9.997898e-01 5.872563e+00
9.998812e-01 -1.127812e-03 -1.537500e-02 -1.169510e-01 8.437801e-04 9.998291e-01 -1.846759e-02 -1.751974e-01 1.539320e-02 1.845242e-02 9.997112e-01 6.495478e+00
9.998633e-01 1.096456e-03 -1.649556e-02 -1.372365e-01 -1.402480e-03 9.998269e-01 -1.855177e-02 -1.912034e-01 1.647237e-02 1.857237e-02 9.996918e-01 7.136944e+00
9.998430e-01 3.806925e-03 -1.730769e-02 -1.658262e-01 -4.011144e-03 9.999226e-01 -1.177999e-02 -2.028009e-01 1.726150e-02 1.184756e-02 9.997808e-01 7.797047e+00
9.998279e-01 4.782484e-03 -1.792587e-02 -1.901130e-01 -4.808114e-03 9.999875e-01 -1.386938e-03 -2.134547e-01 1.791901e-02 1.472889e-03 9.998384e-01 8.482139e+00
9.998067e-01 6.434114e-03 -1.857971e-02 -2.124508e-01 -6.337798e-03 9.999662e-01 5.238200e-03 -2.298497e-01 1.861278e-02 -5.119433e-03 9.998137e-01 9.169206e+00
9.997654e-01 8.819545e-03 -1.978073e-02 -2.383749e-01 -8.736759e-03 9.999527e-01 4.267711e-03 -2.446572e-01 1.981744e-02 -4.093890e-03 9.997952e-01 9.866532e+00
9.997225e-01 1.137526e-02 -2.062663e-02 -2.630429e-01 -1.144110e-02 9.999298e-01 -3.076603e-03 -2.518791e-01 2.059019e-02 3.311741e-03 9.997825e-01 1.057354e+01
9.997028e-01 1.113886e-02 -2.168572e-02 -2.937674e-01 -1.134089e-02 9.998932e-01 -9.215440e-03 -2.512232e-01 2.158076e-02 9.458637e-03 9.997224e-01 1.130366e+01
9.996942e-01 9.530871e-03 -2.281701e-02 -3.121158e-01 -9.708700e-03 9.999233e-01 -7.695674e-03 -2.556030e-01 2.274192e-02 7.914845e-03 9.997100e-01 1.204991e+01
9.996903e-01 9.098304e-03 -2.316408e-02 -3.326105e-01 -9.067068e-03 9.999578e-01 1.453124e-03 -2.660810e-01 2.317632e-02 -1.242644e-03 9.997306e-01 1.282231e+01
9.996848e-01 8.724627e-03 -2.354043e-02 -3.573343e-01 -8.518703e-03 9.999247e-01 8.833826e-03 -2.724236e-01 2.361573e-02 -8.630507e-03 9.996839e-01 1.361396e+01
9.996756e-01 8.277689e-03 -2.408645e-02 -3.822853e-01 -8.008278e-03 9.999045e-01 1.126020e-02 -2.762770e-01 2.417736e-02 -1.106365e-02 9.996465e-01 1.442131e+01
9.996873e-01 6.327176e-03 -2.419207e-02 -4.078470e-01 -6.086875e-03 9.999315e-01 9.993826e-03 -2.721492e-01 2.425365e-02 -9.843447e-03 9.996574e-01 1.524143e+01
9.996982e-01 6.440245e-03 -2.370821e-02 -4.334756e-01 -6.267297e-03 9.999533e-01 7.361943e-03 -2.725402e-01 2.375452e-02 -7.211135e-03 9.996918e-01 1.607634e+01
9.996881e-01 9.478401e-03 -2.310730e-02 -4.637099e-01 -9.390459e-03 9.999483e-01 3.911356e-03 -2.741961e-01 2.314318e-02 -3.693148e-03 9.997253e-01 1.692774e+01
9.997286e-01 7.079151e-03 -2.219525e-02 -4.847618e-01 -7.118120e-03 9.999733e-01 -1.677235e-03 -2.838333e-01 2.218278e-02 1.834768e-03 9.997522e-01 1.779294e+01
9.997543e-01 4.851733e-03 -2.162937e-02 -5.028111e-01 -5.030753e-03 9.999535e-01 -8.230015e-03 -2.929191e-01 2.158843e-02 8.336805e-03 9.997322e-01 1.867306e+01
9.997692e-01 6.280973e-03 -2.054386e-02 -5.297681e-01 -6.563525e-03 9.998844e-01 -1.371518e-02 -3.085043e-01 2.045534e-02 1.384685e-02 9.996949e-01 1.957802e+01
9.997571e-01 8.089204e-03 -2.050043e-02 -5.538363e-01 -8.389509e-03 9.998581e-01 -1.460531e-02 -3.275325e-01 2.037938e-02 1.477375e-02 9.996832e-01 2.049759e+01
9.997503e-01 8.443606e-03 -2.068754e-02 -5.784254e-01 -8.733865e-03 9.998641e-01 -1.398064e-02 -3.523256e-01 2.056668e-02 1.415783e-02 9.996882e-01 2.142947e+01
9.997314e-01 1.018063e-02 -2.081794e-02 -6.021482e-01 -1.049943e-02 9.998284e-01 -1.526239e-02 -3.793093e-01 2.065898e-02 1.547686e-02 9.996668e-01 2.236997e+01
9.996949e-01 1.341644e-02 -2.073879e-02 -6.317344e-01 -1.377815e-02 9.997537e-01 -1.739756e-02 -4.047597e-01 2.050027e-02 1.767799e-02 9.996335e-01 2.333290e+01
9.996321e-01 1.712751e-02 -2.103293e-02 -6.565492e-01 -1.751369e-02 9.996788e-01 -1.831618e-02 -4.285682e-01 2.071247e-02 1.867781e-02 9.996110e-01 2.430122e+01
9.995915e-01 1.938016e-02 -2.100543e-02 -6.838897e-01 -1.976721e-02 9.996357e-01 -1.837799e-02 -4.584589e-01 2.064161e-02 1.878570e-02 9.996104e-01 2.528508e+01
9.995624e-01 2.056383e-02 -2.126291e-02 -7.104802e-01 -2.095981e-02 9.996078e-01 -1.857106e-02 -4.902550e-01 2.087268e-02 1.900860e-02 9.996014e-01 2.626837e+01
9.995519e-01 2.091191e-02 -2.141907e-02 -7.378776e-01 -2.131024e-02 9.996010e-01 -1.854073e-02 -5.231267e-01 2.102280e-02 1.898887e-02 9.995987e-01 2.726565e+01
9.995235e-01 2.194744e-02 -2.170564e-02 -7.692258e-01 -2.232524e-02 9.996007e-01 -1.731922e-02 -5.582807e-01 2.131686e-02 1.779555e-02 9.996144e-01 2.827317e+01
9.994926e-01 2.311558e-02 -2.191358e-02 -7.987621e-01 -2.345679e-02 9.996056e-01 -1.544366e-02 -5.909058e-01 2.154795e-02 1.594985e-02 9.996406e-01 2.929356e+01
9.994571e-01 2.432680e-02 -2.222178e-02 -8.269968e-01 -2.465149e-02 9.995916e-01 -1.445606e-02 -6.194910e-01 2.186103e-02 1.499601e-02 9.996485e-01 3.032185e+01
9.994513e-01 2.447626e-02 -2.231745e-02 -8.556728e-01 -2.482619e-02 9.995710e-01 -1.554006e-02 -6.501869e-01 2.192751e-02 1.608559e-02 9.996302e-01 3.135620e+01
9.993976e-01 2.617967e-02 -2.278220e-02 -8.792617e-01 -2.656391e-02 9.995071e-01 -1.672981e-02 -6.752024e-01 2.233299e-02 1.732491e-02 9.996005e-01 3.240202e+01
9.993849e-01 2.642725e-02 -2.305376e-02 -9.104891e-01 -2.679865e-02 9.995135e-01 -1.595295e-02 -7.030228e-01 2.262095e-02 1.656095e-02 9.996069e-01 3.343856e+01
9.993806e-01 2.613324e-02 -2.356937e-02 -9.378604e-01 -2.645203e-02 9.995614e-01 -1.331636e-02 -7.336687e-01 2.321103e-02 1.393157e-02 9.996335e-01 3.449674e+01
9.993474e-01 2.699690e-02 -2.399815e-02 -9.653677e-01 -2.723813e-02 9.995811e-01 -9.782915e-03 -7.597603e-01 2.372399e-02 1.043020e-02 9.996641e-01 3.556379e+01
9.993254e-01 2.741795e-02 -2.443301e-02 -9.980916e-01 -2.761131e-02 9.995898e-01 -7.611874e-03 -7.847327e-01 2.421428e-02 8.281366e-03 9.996725e-01 3.662986e+01
9.993161e-01 2.735966e-02 -2.487384e-02 -1.030766e+00 -2.754684e-02 9.995945e-01 -7.213846e-03 -8.108228e-01 2.466638e-02 7.894108e-03 9.996646e-01 3.770570e+01
9.993036e-01 2.714542e-02 -2.560127e-02 -1.057937e+00 -2.737682e-02 9.995870e-01 -8.731612e-03 -8.354808e-01 2.535367e-02 9.426413e-03 9.996341e-01 3.879577e+01
9.992610e-01 2.807971e-02 -2.624922e-02 -1.095429e+00 -2.833531e-02 9.995541e-01 -9.416469e-03 -8.605822e-01 2.597310e-02 1.015329e-02 9.996111e-01 3.989171e+01
9.992426e-01 2.813908e-02 -2.687795e-02 -1.129486e+00 -2.837193e-02 9.995628e-01 -8.321666e-03 -8.850706e-01 2.663204e-02 9.077943e-03 9.996041e-01 4.098375e+01
9.992072e-01 2.865038e-02 -2.764197e-02 -1.164912e+00 -2.883742e-02 9.995637e-01 -6.391840e-03 -9.116435e-01 2.744678e-02 7.183895e-03 9.995975e-01 4.208303e+01
9.991753e-01 2.922137e-02 -2.819325e-02 -1.199293e+00 -2.934458e-02 9.995615e-01 -3.966106e-03 -9.365156e-01 2.806499e-02 4.790154e-03 9.995946e-01 4.318051e+01
9.991139e-01 3.076476e-02 -2.872296e-02 -1.235216e+00 -3.089910e-02 9.995135e-01 -4.245099e-03 -9.639733e-01 2.857838e-02 5.128851e-03 9.995784e-01 4.426479e+01
9.990487e-01 3.245801e-02 -2.912195e-02 -1.275586e+00 -3.270505e-02 9.994327e-01 -8.046977e-03 -9.918256e-01 2.884423e-02 8.991757e-03 9.995435e-01 4.533867e+01
9.989872e-01 3.417329e-02 -2.926939e-02 -1.313554e+00 -3.454015e-02 9.993298e-01 -1.212131e-02 -1.019024e+00 2.883555e-02 1.312000e-02 9.994981e-01 4.642619e+01
9.989633e-01 3.491754e-02 -2.920667e-02 -1.351919e+00 -3.529392e-02 9.992991e-01 -1.247196e-02 -1.049874e+00 2.875071e-02 1.348985e-02 9.994956e-01 4.751897e+01
9.989345e-01 3.586294e-02 -2.904828e-02 -1.388921e+00 -3.616186e-02 9.992976e-01 -9.831167e-03 -1.080213e+00 2.867531e-02 1.087113e-02 9.995297e-01 4.861247e+01
9.989027e-01 3.698423e-02 -2.873182e-02 -1.426316e+00 -3.722210e-02 9.992767e-01 -7.788469e-03 -1.109008e+00 2.842299e-02 8.849382e-03 9.995568e-01 4.970569e+01
9.989451e-01 3.566605e-02 -2.892372e-02 -1.455379e+00 -3.587204e-02 9.993344e-01 -6.634047e-03 -1.133551e+00 2.866786e-02 7.664602e-03 9.995596e-01 5.080116e+01
9.989315e-01 3.627618e-02 -2.863524e-02 -1.488849e+00 -3.650700e-02 9.993047e-01 -7.579223e-03 -1.162117e+00 2.834038e-02 8.616511e-03 9.995612e-01 5.190783e+01
9.989599e-01 3.586406e-02 -2.815688e-02 -1.530827e+00 -3.614099e-02 9.993026e-01 -9.388820e-03 -1.189830e+00 2.780052e-02 1.039667e-02 9.995594e-01 5.301490e+01
9.989491e-01 3.628226e-02 -2.800701e-02 -1.565545e+00 -3.661800e-02 9.992624e-01 -1.156913e-02 -1.216277e+00 2.756660e-02 1.258254e-02 9.995408e-01 5.412936e+01
9.989778e-01 3.554964e-02 -2.792039e-02 -1.601190e+00 -3.594960e-02 9.992562e-01 -1.395600e-02 -1.251934e+00 2.740349e-02 1.494546e-02 9.995127e-01 5.523191e+01
9.990027e-01 3.485388e-02 -2.790582e-02 -1.635418e+00 -3.534843e-02 9.992231e-01 -1.742914e-02 -1.288341e+00 2.727666e-02 1.839818e-02 9.994586e-01 5.632941e+01
9.990504e-01 3.358374e-02 -2.775634e-02 -1.673315e+00 -3.412422e-02 9.992325e-01 -1.923362e-02 -1.325538e+00 2.708910e-02 2.016252e-02 9.994297e-01 5.743139e+01
9.990829e-01 3.264064e-02 -2.771147e-02 -1.699345e+00 -3.312103e-02 9.993058e-01 -1.705674e-02 -1.363549e+00 2.713549e-02 1.795893e-02 9.994704e-01 5.853035e+01
9.991332e-01 3.139761e-02 -2.733298e-02 -1.735084e+00 -3.171612e-02 9.994331e-01 -1.129836e-02 -1.396553e+00 2.696274e-02 1.215547e-02 9.995625e-01 5.962670e+01
9.991711e-01 3.064614e-02 -2.679421e-02 -1.772044e+00 -3.080289e-02 9.995106e-01 -5.457144e-03 -1.424907e+00 2.661386e-02 6.277960e-03 9.996261e-01 6.072810e+01
9.992136e-01 2.937846e-02 -2.662961e-02 -1.805958e+00 -2.951547e-02 9.995530e-01 -4.766397e-03 -1.454861e+00 2.647768e-02 5.548634e-03 9.996340e-01 6.183480e+01
9.992963e-01 2.672335e-02 -2.631950e-02 -1.842004e+00 -2.693722e-02 9.996067e-01 -7.805034e-03 -1.482682e+00 2.610057e-02 8.508516e-03 9.996231e-01 6.294091e+01
9.993175e-01 2.587686e-02 -2.636028e-02 -1.877848e+00 -2.617584e-02 9.995962e-01 -1.106095e-02 -1.511328e+00 2.606341e-02 1.174340e-02 9.995913e-01 6.403938e+01
9.992473e-01 2.830798e-02 -2.652275e-02 -1.915476e+00 -2.871467e-02 9.994739e-01 -1.508049e-02 -1.547587e+00 2.608189e-02 1.583073e-02 9.995345e-01 6.513883e+01
9.992241e-01 2.910190e-02 -2.653913e-02 -1.949552e+00 -2.962426e-02 9.993708e-01 -1.950648e-02 -1.581019e+00 2.595476e-02 2.027754e-02 9.994574e-01 6.623676e+01
9.991216e-01 3.286956e-02 -2.599314e-02 -1.981711e+00 -3.340164e-02 9.992357e-01 -2.030758e-02 -1.614161e+00 2.530577e-02 2.115796e-02 9.994558e-01 6.733712e+01
9.989904e-01 3.730166e-02 -2.503542e-02 -2.020025e+00 -3.772670e-02 9.991481e-01 -1.672543e-02 -1.652180e+00 2.439021e-02 1.765305e-02 9.995466e-01 6.845596e+01
9.989200e-01 3.927067e-02 -2.483224e-02 -2.059788e+00 -3.964504e-02 9.991047e-01 -1.476752e-02 -1.687876e+00 2.423008e-02 1.573604e-02 9.995826e-01 6.956938e+01
9.989203e-01 3.915148e-02 -2.500948e-02 -2.090266e+00 -3.950960e-02 9.991213e-01 -1.398904e-02 -1.723454e+00 2.443981e-02 1.496205e-02 9.995893e-01 7.068617e+01
9.989566e-01 3.817345e-02 -2.507007e-02 -2.119566e+00 -3.851454e-02 9.991700e-01 -1.326633e-02 -1.759403e+00 2.454284e-02 1.421805e-02 9.995977e-01 7.179650e+01
9.989754e-01 3.761427e-02 -2.516621e-02 -2.156842e+00 -3.792356e-02 9.992095e-01 -1.192717e-02 -1.792595e+00 2.469769e-02 1.286934e-02 9.996121e-01 7.290728e+01
9.990035e-01 3.661414e-02 -2.552198e-02 -2.184697e+00 -3.687878e-02 9.992699e-01 -9.976429e-03 -1.823679e+00 2.513807e-02 1.090771e-02 9.996245e-01 7.401426e+01
9.990088e-01 3.604307e-02 -2.611976e-02 -2.218373e+00 -3.627371e-02 9.993065e-01 -8.410340e-03 -1.854692e+00 2.579851e-02 9.349465e-03 9.996234e-01 7.511993e+01
9.989947e-01 3.586780e-02 -2.689061e-02 -2.249524e+00 -3.613991e-02 9.992996e-01 -9.702202e-03 -1.888266e+00 2.652378e-02 1.066427e-02 9.995913e-01 7.622159e+01
9.989426e-01 3.680169e-02 -2.755645e-02 -2.286741e+00 -3.718691e-02 9.992158e-01 -1.359979e-02 -1.919331e+00 2.703434e-02 1.461015e-02 9.995277e-01 7.731644e+01
9.988857e-01 3.777741e-02 -2.828822e-02 -2.325744e+00 -3.823304e-02 9.991448e-01 -1.574253e-02 -1.952496e+00 2.766931e-02 1.680653e-02 9.994758e-01 7.840039e+01
9.987666e-01 4.040139e-02 -2.886246e-02 -2.367032e+00 -4.082137e-02 9.990668e-01 -1.411292e-02 -1.987216e+00 2.826535e-02 1.527372e-02 9.994838e-01 7.948453e+01
9.987043e-01 4.175709e-02 -2.908644e-02 -2.411594e+00 -4.205768e-02 9.990671e-01 -9.800083e-03 -2.023228e+00 2.865008e-02 1.101069e-02 9.995289e-01 8.057533e+01
9.986303e-01 4.341589e-02 -2.919860e-02 -2.459030e+00 -4.360358e-02 9.990319e-01 -5.822080e-03 -2.055227e+00 2.891756e-02 7.087269e-03 9.995567e-01 8.166352e+01
9.985440e-01 4.499253e-02 -2.975702e-02 -2.498642e+00 -4.516628e-02 9.989660e-01 -5.192598e-03 -2.086234e+00 2.949263e-02 6.529052e-03 9.995437e-01 8.274407e+01
9.985126e-01 4.528103e-02 -3.036665e-02 -2.540815e+00 -4.552414e-02 9.989361e-01 -7.362217e-03 -2.111541e+00 3.000098e-02 8.733682e-03 9.995117e-01 8.382046e+01
9.984692e-01 4.590481e-02 -3.085535e-02 -2.581349e+00 -4.617932e-02 9.988992e-01 -8.243175e-03 -2.137576e+00 3.044298e-02 9.655435e-03 9.994899e-01 8.488957e+01
9.984650e-01 4.565445e-02 -3.135685e-02 -2.622275e+00 -4.594112e-02 9.989081e-01 -8.482858e-03 -2.168561e+00 3.093533e-02 9.910406e-03 9.994723e-01 8.595496e+01
9.984674e-01 4.505636e-02 -3.213790e-02 -2.659591e+00 -4.534168e-02 9.989378e-01 -8.204890e-03 -2.199825e+00 3.173408e-02 9.649502e-03 9.994498e-01 8.700117e+01
9.984859e-01 4.424917e-02 -3.267865e-02 -2.696140e+00 -4.449546e-02 9.989861e-01 -6.847933e-03 -2.229181e+00 3.234250e-02 8.291616e-03 9.994425e-01 8.803757e+01
9.984462e-01 4.476632e-02 -3.318472e-02 -2.735436e+00 -4.492656e-02 9.989819e-01 -4.098372e-03 -2.261115e+00 3.296746e-02 5.582879e-03 9.994408e-01 8.905024e+01
9.984481e-01 4.407922e-02 -3.403516e-02 -2.775620e+00 -4.421612e-02 9.990166e-01 -3.280022e-03 -2.288579e+00 3.385711e-02 4.779834e-03 9.994153e-01 9.003891e+01
9.983893e-01 4.367541e-02 -3.621248e-02 -2.814528e+00 -4.381094e-02 9.990355e-01 -2.957403e-03 -2.316297e+00 3.604838e-02 4.539142e-03 9.993397e-01 9.101188e+01
9.982848e-01 4.327274e-02 -3.943326e-02 -2.858346e+00 -4.345096e-02 9.990488e-01 -3.673491e-03 -2.345722e+00 3.923679e-02 5.380604e-03 9.992155e-01 9.195953e+01
9.981299e-01 4.368209e-02 -4.276180e-02 -2.904250e+00 -4.391092e-02 9.990256e-01 -4.426180e-03 -2.373302e+00 4.252679e-02 6.295612e-03 9.990755e-01 9.287984e+01
9.979817e-01 4.389506e-02 -4.588892e-02 -2.949910e+00 -4.413031e-02 9.990173e-01 -4.125455e-03 -2.397490e+00 4.566274e-02 6.142221e-03 9.989380e-01 9.378452e+01
9.977596e-01 4.556956e-02 -4.898093e-02 -2.999151e+00 -4.576369e-02 9.989482e-01 -2.848622e-03 -2.424591e+00 4.879960e-02 5.083788e-03 9.987957e-01 9.465849e+01
9.975503e-01 4.694213e-02 -5.186389e-02 -3.051667e+00 -4.708458e-02 9.988897e-01 -1.527436e-03 -2.451018e+00 5.173461e-02 3.965684e-03 9.986530e-01 9.550448e+01
9.973317e-01 4.841650e-02 -5.463736e-02 -3.107080e+00 -4.848290e-02 9.988240e-01 1.102409e-04 -2.473759e+00 5.457845e-02 2.539031e-03 9.985063e-01 9.633237e+01
9.970869e-01 5.030271e-02 -5.733490e-02 -3.159037e+00 -5.032733e-02 9.987323e-01 1.015457e-03 -2.496049e+00 5.731330e-02 1.873013e-03 9.983545e-01 9.713344e+01
9.967878e-01 5.311752e-02 -5.993800e-02 -3.213562e+00 -5.312658e-02 9.985867e-01 1.443585e-03 -2.515460e+00 5.992997e-02 1.745354e-03 9.982011e-01 9.790734e+01
9.964917e-01 5.564753e-02 -6.251112e-02 -3.272109e+00 -5.572289e-02 9.984461e-01 5.384727e-04 -2.540162e+00 6.244395e-02 2.946716e-03 9.980441e-01 9.864125e+01
9.962160e-01 5.745385e-02 -6.521258e-02 -3.328621e+00 -5.777321e-02 9.983252e-01 -3.020442e-03 -2.563142e+00 6.492982e-02 6.776553e-03 9.978668e-01 9.934857e+01
9.958631e-01 6.040839e-02 -6.787923e-02 -3.385596e+00 -6.099205e-02 9.981167e-01 -6.557380e-03 -2.582207e+00 6.735527e-02 1.067035e-02 9.976720e-01 1.000228e+02
9.955753e-01 6.277983e-02 -6.991733e-02 -3.441614e+00 -6.358597e-02 9.979324e-01 -9.362283e-03 -2.596511e+00 6.918501e-02 1.376662e-02 9.975089e-01 1.006701e+02
9.953639e-01 6.526703e-02 -7.064713e-02 -3.498225e+00 -6.614902e-02 9.977575e-01 -1.021517e-02 -2.618415e+00 6.982199e-02 1.484104e-02 9.974491e-01 1.012888e+02
9.952419e-01 6.802333e-02 -6.975966e-02 -3.547593e+00 -6.887208e-02 9.975770e-01 -9.831910e-03 -2.638889e+00 6.892184e-02 1.458962e-02 9.975154e-01 1.018876e+02
9.951340e-01 7.245636e-02 -6.677086e-02 -3.592129e+00 -7.318006e-02 9.972829e-01 -8.454022e-03 -2.658785e+00 6.597689e-02 1.329918e-02 9.977325e-01 1.024656e+02
9.952700e-01 7.549093e-02 -6.114591e-02 -3.629845e+00 -7.607111e-02 9.970763e-01 -7.213514e-03 -2.678993e+00 6.042258e-02 1.183083e-02 9.981028e-01 1.030153e+02
9.956020e-01 7.680172e-02 -5.364754e-02 -3.656953e+00 -7.721973e-02 9.969975e-01 -5.759912e-03 -2.694724e+00 5.304409e-02 9.877229e-03 9.985433e-01 1.035440e+02
9.960479e-01 7.729639e-02 -4.374869e-02 -3.675981e+00 -7.754150e-02 9.969814e-01 -3.931122e-03 -2.707733e+00 4.331276e-02 7.307924e-03 9.990348e-01 1.040515e+02
9.964877e-01 7.734368e-02 -3.209642e-02 -3.679237e+00 -7.749207e-02 9.969872e-01 -3.403542e-03 -2.723639e+00 3.173648e-02 5.878806e-03 9.994790e-01 1.045422e+02
9.968439e-01 7.715381e-02 -1.869534e-02 -3.678365e+00 -7.724170e-02 9.970043e-01 -4.024659e-03 -2.740599e+00 1.832882e-02 5.456016e-03 9.998171e-01 1.050076e+02
9.969927e-01 7.740153e-02 -3.807194e-03 -3.663602e+00 -7.742242e-02 9.969822e-01 -5.687227e-03 -2.757601e+00 3.355504e-03 5.964886e-03 9.999766e-01 1.054538e+02
9.969662e-01 7.658776e-02 1.388227e-02 -3.639850e+00 -7.645780e-02 9.970260e-01 -9.662998e-03 -2.776257e+00 -1.458105e-02 8.572275e-03 9.998569e-01 1.058906e+02
9.964462e-01 7.655562e-02 3.513031e-02 -3.613093e+00 -7.603913e-02 9.969795e-01 -1.581188e-02 -2.788045e+00 -3.623468e-02 1.308441e-02 9.992576e-01 1.063155e+02
9.954094e-01 7.521310e-02 5.918731e-02 -3.566409e+00 -7.402511e-02 9.970133e-01 -2.201779e-02 -2.801634e+00 -6.066656e-02 1.753537e-02 9.980040e-01 1.067297e+02
9.935722e-01 7.341108e-02 8.616902e-02 -3.504620e+00 -7.140383e-02 9.971045e-01 -2.615402e-02 -2.821972e+00 -8.783951e-02 1.983310e-02 9.959372e-01 1.071386e+02
9.906629e-01 7.161590e-02 1.160092e-01 -3.429679e+00 -6.867805e-02 9.972135e-01 -2.913174e-02 -2.842759e+00 -1.177722e-01 2.089245e-02 9.928208e-01 1.075374e+02
9.864645e-01 6.987772e-02 1.483402e-01 -3.339357e+00 -6.572486e-02 9.973011e-01 -3.272131e-02 -2.867234e+00 -1.502263e-01 2.252877e-02 9.883949e-01 1.079301e+02
9.806021e-01 6.789395e-02 1.838746e-01 -3.235981e+00 -6.225156e-02 9.974004e-01 -3.629342e-02 -2.890179e+00 -1.858607e-01 2.414293e-02 9.822795e-01 1.083102e+02
9.729131e-01 6.483309e-02 2.218937e-01 -3.097783e+00 -5.766314e-02 9.975878e-01 -3.864678e-02 -2.921671e+00 -2.238640e-01 2.480487e-02 9.743047e-01 1.087053e+02
9.629319e-01 6.335579e-02 2.621987e-01 -2.976586e+00 -5.425266e-02 9.976511e-01 -4.182078e-02 -2.944188e+00 -2.642324e-01 2.604559e-02 9.641073e-01 1.090599e+02
9.503945e-01 6.479060e-02 3.042245e-01 -2.839373e+00 -5.357279e-02 9.975456e-01 -4.508609e-02 -2.970702e+00 -3.063990e-01 2.655142e-02 9.515328e-01 1.094166e+02
9.347967e-01 6.759371e-02 3.486922e-01 -2.684495e+00 -5.411326e-02 9.973675e-01 -4.826858e-02 -2.992632e+00 -3.510369e-01 2.625244e-02 9.359935e-01 1.097646e+02
9.166710e-01 6.838035e-02 3.937492e-01 -2.506583e+00 -5.304638e-02 9.973540e-01 -4.971017e-02 -3.015627e+00 -3.961065e-01 2.468090e-02 9.178728e-01 1.101151e+02
8.959093e-01 6.881725e-02 4.388743e-01 -2.323320e+00 -5.136980e-02 9.973497e-01 -5.152315e-02 -3.032024e+00 -4.412569e-01 2.361518e-02 8.970701e-01 1.104350e+02
8.724655e-01 6.797469e-02 4.839251e-01 -2.130022e+00 -4.723156e-02 9.973718e-01 -5.494267e-02 -3.054225e+00 -4.863879e-01 2.507905e-02 8.733830e-01 1.107287e+02
8.465814e-01 6.884149e-02 5.277886e-01 -1.927671e+00 -4.399621e-02 9.972580e-01 -5.950555e-02 -3.082828e+00 -5.304379e-01 2.715559e-02 8.472888e-01 1.110160e+02
8.181276e-01 7.179134e-02 5.705376e-01 -1.712496e+00 -4.181078e-02 9.969765e-01 -6.549564e-02 -3.110166e+00 -5.735147e-01 2.972917e-02 8.186557e-01 1.112914e+02
7.863285e-01 7.694988e-02 6.129977e-01 -1.479235e+00 -4.105510e-02 9.965281e-01 -7.243081e-02 -3.138842e+00 -6.164430e-01 3.178773e-02 7.867577e-01 1.115670e+02
7.508597e-01 8.324471e-02 6.551947e-01 -1.234506e+00 -4.225904e-02 9.960478e-01 -7.812198e-02 -3.173356e+00 -6.591084e-01 3.097075e-02 7.514099e-01 1.118345e+02
7.128322e-01 8.846331e-02 6.957331e-01 -9.601187e-01 -4.161791e-02 9.956004e-01 -8.395105e-02 -3.194710e+00 -7.000987e-01 3.088806e-02 7.133777e-01 1.120835e+02
6.726555e-01 8.915803e-02 7.345648e-01 -6.672600e-01 -3.658048e-02 9.955074e-01 -8.733254e-02 -3.226191e+00 -7.390510e-01 3.187398e-02 6.728949e-01 1.123175e+02
6.312004e-01 8.701726e-02 7.707231e-01 -3.510097e-01 -2.937979e-02 9.956560e-01 -8.835174e-02 -3.255854e+00 -7.750631e-01 3.312397e-02 6.310150e-01 1.125271e+02
5.867950e-01 8.508132e-02 8.052532e-01 -1.764997e-02 -2.332558e-02 9.958279e-01 -8.821947e-02 -3.278434e+00 -8.093995e-01 3.298375e-02 5.863314e-01 1.127319e+02
5.406850e-01 8.414566e-02 8.370061e-01 3.273288e-01 -1.751231e-02 9.958949e-01 -8.880651e-02 -3.294540e+00 -8.410428e-01 3.335844e-02 5.399390e-01 1.129011e+02
4.927700e-01 8.178945e-02 8.663072e-01 6.800962e-01 -1.259981e-02 9.961391e-01 -8.688011e-02 -3.334265e+00 -8.700683e-01 3.189661e-02 4.918980e-01 1.130505e+02
4.418033e-01 7.846120e-02 8.936743e-01 1.057399e+00 -6.638633e-03 9.964267e-01 -8.420055e-02 -3.371490e+00 -8.970874e-01 3.126731e-02 4.407455e-01 1.131935e+02
3.896645e-01 7.888030e-02 9.175726e-01 1.438228e+00 -5.812158e-03 9.965160e-01 -8.319853e-02 -3.410571e+00 -9.209385e-01 2.708644e-02 3.887654e-01 1.133251e+02
3.378736e-01 8.397895e-02 9.374374e-01 1.810328e+00 -7.146446e-03 9.962116e-01 -8.666841e-02 -3.451762e+00 -9.411643e-01 2.258363e-02 3.371938e-01 1.134334e+02
2.870893e-01 8.944996e-02 9.537182e-01 2.204707e+00 -4.403545e-03 9.957432e-01 -9.206595e-02 -3.482961e+00 -9.578937e-01 2.223141e-02 2.862611e-01 1.135270e+02
2.402471e-01 9.184458e-02 9.663570e-01 2.616370e+00 -3.799338e-05 9.955148e-01 -9.460635e-02 -3.523065e+00 -9.707118e-01 2.269218e-02 2.391730e-01 1.135996e+02
1.992235e-01 9.176990e-02 9.756476e-01 3.045297e+00 9.478293e-03 9.953784e-01 -9.556122e-02 -3.566015e+00 -9.799082e-01 2.828552e-02 1.974330e-01 1.136515e+02
1.646469e-01 9.194001e-02 9.820583e-01 3.486724e+00 1.900984e-02 9.951656e-01 -9.635420e-02 -3.607805e+00 -9.861694e-01 3.453320e-02 1.621032e-01 1.136847e+02
1.346104e-01 9.347716e-02 9.864796e-01 3.944092e+00 2.529562e-02 9.948918e-01 -9.772601e-02 -3.647699e+00 -9.905757e-01 3.810856e-02 1.315582e-01 1.137161e+02
1.064378e-01 9.207688e-02 9.900469e-01 4.421177e+00 2.475486e-02 9.951491e-01 -9.521274e-02 -3.698440e+00 -9.940112e-01 3.464270e-02 1.036421e-01 1.137540e+02
8.047248e-02 8.861166e-02 9.928102e-01 4.919169e+00 1.978963e-02 9.957022e-01 -9.047383e-02 -3.747656e+00 -9.965604e-01 2.692800e-02 7.837304e-02 1.137919e+02
5.630762e-02 8.452832e-02 9.948288e-01 5.426757e+00 1.658676e-02 9.961930e-01 -8.558304e-02 -3.798241e+00 -9.982757e-01 2.131996e-02 5.469120e-02 1.138155e+02
3.400092e-02 8.215986e-02 9.960390e-01 5.964758e+00 2.204974e-02 9.963110e-01 -8.293499e-02 -3.852784e+00 -9.991785e-01 2.478227e-02 3.206388e-02 1.138207e+02
1.433350e-02 8.292833e-02 9.964524e-01 6.505297e+00 3.043602e-02 9.960568e-01 -8.333322e-02 -3.908655e+00 -9.994339e-01 3.152250e-02 1.175297e-02 1.138060e+02
-2.614910e-03 8.542390e-02 9.963413e-01 7.066524e+00 3.636572e-02 9.956938e-01 -8.527294e-02 -3.963530e+00 -9.993351e-01 3.600969e-02 -5.710151e-03 1.137858e+02
-1.698610e-02 9.099726e-02 9.957063e-01 7.646839e+00 3.733189e-02 9.952133e-01 -9.031535e-02 -4.014704e+00 -9.991585e-01 3.563749e-02 -2.030189e-02 1.137711e+02
-2.819700e-02 9.573038e-02 9.950079e-01 8.249698e+00 3.507933e-02 9.948853e-01 -9.472449e-02 -4.066932e+00 -9.989867e-01 3.223326e-02 -3.141094e-02 1.137605e+02
-3.457441e-02 9.557745e-02 9.948214e-01 8.884825e+00 3.776558e-02 9.948305e-01 -9.426580e-02 -4.127406e+00 -9.986883e-01 3.431082e-02 -3.800521e-02 1.137416e+02
-3.685635e-02 9.240505e-02 9.950392e-01 9.532334e+00 4.364565e-02 9.949144e-01 -9.077682e-02 -4.195749e+00 -9.983670e-01 4.008343e-02 -4.070199e-02 1.137096e+02
-3.619809e-02 9.086664e-02 9.952050e-01 1.019513e+01 4.496821e-02 9.949970e-01 -8.921205e-02 -4.262400e+00 -9.983324e-01 4.152328e-02 -4.010310e-02 1.136832e+02
-3.437693e-02 9.045237e-02 9.953073e-01 1.086706e+01 4.309446e-02 9.951038e-01 -8.894544e-02 -4.332873e+00 -9.984794e-01 3.983456e-02 -3.810661e-02 1.136612e+02
-3.329767e-02 9.073989e-02 9.953178e-01 1.156252e+01 3.868071e-02 9.952409e-01 -8.943884e-02 -4.405516e+00 -9.986967e-01 3.552149e-02 -3.664908e-02 1.136484e+02
-3.227253e-02 9.196617e-02 9.952390e-01 1.227107e+01 3.772661e-02 9.951602e-01 -9.073553e-02 -4.473886e+00 -9.987668e-01 3.461873e-02 -3.558591e-02 1.136294e+02
-3.142753e-02 9.285041e-02 9.951840e-01 1.300040e+01 3.676640e-02 9.951093e-01 -9.168238e-02 -4.547599e+00 -9.988296e-01 3.370798e-02 -3.468761e-02 1.136109e+02
-3.074767e-02 9.231793e-02 9.952547e-01 1.374080e+01 3.601085e-02 9.951814e-01 -9.119860e-02 -4.626202e+00 -9.988783e-01 3.303583e-02 -3.392396e-02 1.135916e+02
-3.020869e-02 9.098917e-02 9.953936e-01 1.450550e+01 3.445022e-02 9.953512e-01 -8.993978e-02 -4.705440e+00 -9.989498e-01 3.157457e-02 -3.320286e-02 1.135724e+02
-2.976933e-02 8.974319e-02 9.955199e-01 1.527885e+01 3.492160e-02 9.954467e-01 -8.869232e-02 -4.782493e+00 -9.989466e-01 3.212484e-02 -3.276776e-02 1.135496e+02
-3.046032e-02 8.770490e-02 9.956807e-01 1.606904e+01 3.529626e-02 9.956160e-01 -8.661940e-02 -4.859241e+00 -9.989126e-01 3.250535e-02 -3.342244e-02 1.135310e+02
-3.193188e-02 8.598304e-02 9.957848e-01 1.686607e+01 3.249484e-02 9.958554e-01 -8.494713e-02 -4.939637e+00 -9.989617e-01 2.964535e-02 -3.459354e-02 1.135145e+02
-3.346456e-02 8.490553e-02 9.958269e-01 1.767184e+01 3.140851e-02 9.959822e-01 -8.386329e-02 -5.018529e+00 -9.989463e-01 2.847099e-02 -3.599686e-02 1.135010e+02
-3.446427e-02 8.264233e-02 9.959832e-01 1.847911e+01 3.383606e-02 9.961004e-01 -8.148122e-02 -5.092124e+00 -9.988330e-01 3.089195e-02 -3.712617e-02 1.134684e+02
-3.554222e-02 8.116002e-02 9.960672e-01 1.930940e+01 3.483550e-02 9.961918e-01 -7.992716e-02 -5.170684e+00 -9.987609e-01 3.185771e-02 -3.823412e-02 1.134348e+02
-3.741254e-02 8.019392e-02 9.960769e-01 2.013413e+01 3.205776e-02 9.963580e-01 -7.901247e-02 -5.252999e+00 -9.987856e-01 2.897594e-02 -3.984713e-02 1.134081e+02
-3.855626e-02 8.488434e-02 9.956445e-01 2.096219e+01 2.917279e-02 9.960563e-01 -8.378973e-02 -5.332780e+00 -9.988305e-01 2.581512e-02 -4.088052e-02 1.133842e+02
-3.933647e-02 8.962524e-02 9.951985e-01 2.179708e+01 3.010057e-02 9.956236e-01 -8.847376e-02 -5.414640e+00 -9.987725e-01 2.647579e-02 -4.186209e-02 1.133541e+02
-4.064583e-02 9.109158e-02 9.950127e-01 2.264917e+01 2.958597e-02 9.955087e-01 -8.992841e-02 -5.505933e+00 -9.987355e-01 2.578320e-02 -4.315831e-02 1.133267e+02
-4.242764e-02 8.893043e-02 9.951338e-01 2.351024e+01 2.564821e-02 9.957994e-01 -8.789639e-02 -5.594524e+00 -9.987703e-01 2.179416e-02 -4.453033e-02 1.133012e+02
-4.388015e-02 8.484903e-02 9.954271e-01 2.437775e+01 2.233263e-02 9.962212e-01 -8.393226e-02 -5.681729e+00 -9.987872e-01 1.854755e-02 -4.560923e-02 1.132773e+02
-4.447262e-02 7.973577e-02 9.958235e-01 2.524739e+01 2.075566e-02 9.966683e-01 -7.887649e-02 -5.765582e+00 -9.987950e-01 1.716113e-02 -4.597942e-02 1.132532e+02
-4.531135e-02 7.417613e-02 9.962152e-01 2.610930e+01 1.629342e-02 9.971617e-01 -7.350552e-02 -5.846582e+00 -9.988400e-01 1.290111e-02 -4.639132e-02 1.132251e+02
-4.546920e-02 7.284567e-02 9.963062e-01 2.696551e+01 1.321991e-02 9.972943e-01 -7.231458e-02 -5.930254e+00 -9.988783e-01 9.882989e-03 -4.630919e-02 1.131944e+02
-4.447563e-02 7.993661e-02 9.958072e-01 2.780619e+01 1.601623e-02 9.967225e-01 -7.929476e-02 -6.013975e+00 -9.988821e-01 1.242240e-02 -4.561015e-02 1.131620e+02
-4.309327e-02 9.134427e-02 9.948865e-01 2.863587e+01 1.840574e-02 9.957152e-01 -9.062311e-02 -6.090622e+00 -9.989015e-01 1.440638e-02 -4.458988e-02 1.131253e+02
-4.216664e-02 9.662102e-02 9.944277e-01 2.946626e+01 2.069431e-02 9.951838e-01 -9.581700e-02 -6.171777e+00 -9.988963e-01 1.653871e-02 -4.396307e-02 1.130902e+02
-4.065789e-02 9.134547e-02 9.949889e-01 3.030816e+01 2.217193e-02 9.956496e-01 -9.050012e-02 -6.259882e+00 -9.989271e-01 1.838128e-02 -4.250632e-02 1.130562e+02
-3.955526e-02 8.391245e-02 9.956877e-01 3.114707e+01 2.555726e-02 9.962266e-01 -8.294256e-02 -6.346410e+00 -9.988905e-01 2.216624e-02 -4.155057e-02 1.130239e+02
-3.924436e-02 8.112727e-02 9.959308e-01 3.197730e+01 2.623841e-02 9.964386e-01 -8.013472e-02 -6.430413e+00 -9.988851e-01 2.298681e-02 -4.123324e-02 1.129953e+02
-3.957392e-02 8.177338e-02 9.958650e-01 3.280179e+01 2.476203e-02 9.964199e-01 -8.083495e-02 -6.514787e+00 -9.989098e-01 2.146068e-02 -4.145711e-02 1.129703e+02
-4.086115e-02 8.267754e-02 9.957383e-01 3.361763e+01 2.164986e-02 9.964099e-01 -8.184488e-02 -6.597530e+00 -9.989303e-01 1.821332e-02 -4.250442e-02 1.129458e+02
-4.302587e-02 8.282543e-02 9.956348e-01 3.442775e+01 1.912856e-02 9.964433e-01 -8.206605e-02 -6.679761e+00 -9.988908e-01 1.551410e-02 -4.445717e-02 1.129159e+02
-4.513385e-02 8.293090e-02 9.955327e-01 3.524210e+01 1.926106e-02 9.964352e-01 -8.213285e-02 -6.761076e+00 -9.987952e-01 1.546804e-02 -4.657030e-02 1.128845e+02
-4.733993e-02 8.344085e-02 9.953876e-01 3.605312e+01 1.852933e-02 9.964068e-01 -8.264504e-02 -6.841497e+00 -9.987070e-01 1.453146e-02 -4.871593e-02 1.128533e+02
-4.957407e-02 8.377350e-02 9.952509e-01 3.685277e+01 1.655975e-02 9.964081e-01 -8.304606e-02 -6.923143e+00 -9.986332e-01 1.236418e-02 -5.078327e-02 1.128186e+02
-5.193878e-02 8.286266e-02 9.952066e-01 3.765381e+01 1.435276e-02 9.965107e-01 -8.222219e-02 -7.004768e+00 -9.985471e-01 1.001344e-02 -5.294686e-02 1.127863e+02
-5.393539e-02 8.186251e-02 9.951832e-01 3.844621e+01 1.533017e-02 9.965842e-01 -8.114692e-02 -7.086704e+00 -9.984267e-01 1.087963e-02 -5.500612e-02 1.127487e+02
-5.593018e-02 8.209484e-02 9.950539e-01 3.923878e+01 1.476832e-02 9.965729e-01 -8.139006e-02 -7.168404e+00 -9.983255e-01 1.014311e-02 -5.695091e-02 1.127108e+02
-5.782819e-02 8.316394e-02 9.948566e-01 4.001494e+01 1.425028e-02 9.964915e-01 -8.247228e-02 -7.247174e+00 -9.982248e-01 9.407761e-03 -5.881041e-02 1.126696e+02
-5.886652e-02 8.345770e-02 9.947711e-01 4.079593e+01 1.411341e-02 9.964692e-01 -8.276499e-02 -7.326335e+00 -9.981661e-01 9.167526e-03 -5.983655e-02 1.126281e+02
-6.016611e-02 8.232430e-02 9.947878e-01 4.157457e+01 1.513126e-02 9.965540e-01 -8.155531e-02 -7.408300e+00 -9.980737e-01 1.014553e-02 -6.120444e-02 1.125855e+02
-6.185814e-02 8.161486e-02 9.947425e-01 4.234875e+01 1.445676e-02 9.966198e-01 -8.086989e-02 -7.490828e+00 -9.979802e-01 9.378293e-03 -6.282893e-02 1.125444e+02
-6.377094e-02 8.136457e-02 9.946422e-01 4.312070e+01 1.258170e-02 9.966572e-01 -8.072273e-02 -7.568096e+00 -9.978852e-01 7.366527e-03 -6.458147e-02 1.125085e+02
-6.534847e-02 8.070348e-02 9.945936e-01 4.387329e+01 1.036919e-02 9.967252e-01 -8.019515e-02 -7.642275e+00 -9.978086e-01 5.072503e-03 -6.597130e-02 1.124688e+02
-6.631214e-02 7.957740e-02 9.946206e-01 4.461054e+01 8.962234e-03 9.968220e-01 -7.915601e-02 -7.716581e+00 -9.977587e-01 3.665019e-03 -6.681459e-02 1.124277e+02
-6.708288e-02 7.932283e-02 9.945892e-01 4.532656e+01 8.753506e-03 9.968431e-01 -7.891219e-02 -7.791298e+00 -9.977090e-01 3.412486e-03 -6.756546e-02 1.123846e+02
-6.743295e-02 8.187291e-02 9.943589e-01 4.603063e+01 8.156389e-03 9.966393e-01 -8.150755e-02 -7.866354e+00 -9.976905e-01 2.614084e-03 -6.787411e-02 1.123434e+02
-6.757160e-02 8.485550e-02 9.940994e-01 4.673256e+01 8.023334e-03 9.963907e-01 -8.450572e-02 -7.937771e+00 -9.976822e-01 2.265805e-03 -6.800854e-02 1.123018e+02
-6.784814e-02 8.647024e-02 9.939414e-01 4.743008e+01 5.755784e-03 9.962544e-01 -8.627857e-02 -8.011603e+00 -9.976791e-01 -1.329283e-04 -6.809171e-02 1.122629e+02
-6.790191e-02 8.737122e-02 9.938589e-01 4.812136e+01 6.204932e-03 9.961758e-01 -8.715097e-02 -8.085757e+00 -9.976727e-01 2.491097e-04 -6.818437e-02 1.122198e+02
-6.757890e-02 8.737325e-02 9.938808e-01 4.880982e+01 7.504782e-03 9.961744e-01 -8.706460e-02 -8.156268e+00 -9.976857e-01 1.575129e-03 -6.797609e-02 1.121706e+02
-6.769312e-02 8.706777e-02 9.938998e-01 4.949441e+01 8.196105e-03 9.961998e-01 -8.671103e-02 -8.228014e+00 -9.976725e-01 2.276367e-03 -6.814949e-02 1.121251e+02
-6.834369e-02 8.708445e-02 9.938538e-01 5.017889e+01 4.040871e-03 9.961991e-01 -8.701208e-02 -8.301026e+00 -9.976537e-01 -1.930691e-03 -6.843582e-02 1.120887e+02
-6.843105e-02 8.720977e-02 9.938368e-01 5.086170e+01 1.254829e-03 9.961787e-01 -8.732887e-02 -8.375474e+00 -9.976551e-01 -4.728911e-03 -6.827899e-02 1.120542e+02
-6.828468e-02 8.590955e-02 9.939601e-01 5.154302e+01 2.696133e-03 9.962978e-01 -8.592638e-02 -8.449093e+00 -9.976622e-01 -3.187607e-03 -6.826350e-02 1.120109e+02
-6.927120e-02 8.530014e-02 9.939444e-01 5.221971e+01 2.229285e-03 9.963484e-01 -8.535109e-02 -8.520658e+00 -9.975954e-01 -3.696587e-03 -6.920841e-02 1.119656e+02
-7.308928e-02 8.472933e-02 9.937197e-01 5.289096e+01 -1.231802e-03 9.963762e-01 -8.504644e-02 -8.593130e+00 -9.973246e-01 -7.440049e-03 -7.272005e-02 1.119255e+02
-7.873763e-02 8.408311e-02 9.933431e-01 5.355971e+01 -5.543323e-03 9.963843e-01 -8.477994e-02 -8.666313e+00 -9.968800e-01 -1.218179e-02 -7.798683e-02 1.118840e+02
-8.428440e-02 8.805788e-02 9.925432e-01 5.422746e+01 -1.855181e-03 9.960719e-01 -8.852848e-02 -8.734108e+00 -9.964400e-01 -9.302918e-03 -8.378996e-02 1.118259e+02
-9.069973e-02 9.081211e-02 9.917292e-01 5.489367e+01 4.658700e-04 9.958375e-01 -9.114570e-02 -8.804470e+00 -9.958782e-01 -7.804874e-03 -9.036450e-02 1.117627e+02
-9.810384e-02 9.228114e-02 9.908884e-01 5.556390e+01 -3.456938e-04 9.956882e-01 -9.276237e-02 -8.877766e+00 -9.951761e-01 -9.442889e-03 -9.764893e-02 1.117009e+02
-1.047567e-01 9.135307e-02 9.902932e-01 5.624185e+01 -4.438156e-03 9.957192e-01 -9.232309e-02 -8.951919e+00 -9.944880e-01 -1.406654e-02 -1.039028e-01 1.116389e+02
-1.102586e-01 9.017507e-02 9.898038e-01 5.692681e+01 -5.006873e-03 9.958127e-01 -9.128024e-02 -9.025168e+00 -9.938903e-01 -1.502025e-02 -1.093454e-01 1.115680e+02
-1.151441e-01 9.060931e-02 9.892077e-01 5.762008e+01 -7.747924e-03 9.957189e-01 -9.210759e-02 -9.100201e+00 -9.933186e-01 -1.826995e-02 -1.139491e-01 1.114973e+02
-1.194784e-01 8.998701e-02 9.887503e-01 5.831268e+01 -9.965178e-03 9.957252e-01 -9.182597e-02 -9.172173e+00 -9.927868e-01 -2.082429e-02 -1.180709e-01 1.114236e+02
-1.220729e-01 8.679988e-02 9.887183e-01 5.901879e+01 -9.421969e-03 9.960223e-01 -8.860440e-02 -9.245200e+00 -9.924764e-01 -2.013187e-02 -1.207696e-01 1.113433e+02
-1.237680e-01 8.379535e-02 9.887668e-01 5.972884e+01 -7.815343e-03 9.963150e-01 -8.541331e-02 -9.318071e+00 -9.922804e-01 -1.829899e-02 -1.226570e-01 1.112577e+02
-1.253915e-01 8.099573e-02 9.887956e-01 6.044651e+01 -8.336055e-03 9.965407e-01 -8.268727e-02 -9.392942e+00 -9.920723e-01 -1.861094e-02 -1.242826e-01 1.111737e+02
-1.268919e-01 8.093813e-02 9.886089e-01 6.118144e+01 -9.099471e-03 9.965284e-01 -8.275446e-02 -9.462421e+00 -9.918748e-01 -1.949669e-02 -1.257149e-01 1.110930e+02
-1.273212e-01 8.493928e-02 9.882179e-01 6.191280e+01 -7.767102e-03 9.962105e-01 -8.662697e-02 -9.531725e+00 -9.918311e-01 -1.870504e-02 -1.261790e-01 1.110051e+02
-1.271926e-01 8.902106e-02 9.878751e-01 6.265345e+01 -2.622912e-03 9.959307e-01 -9.008468e-02 -9.608399e+00 -9.918746e-01 -1.404921e-02 -1.264415e-01 1.109099e+02
-1.272190e-01 9.416564e-02 9.873946e-01 6.339164e+01 4.653164e-03 9.955290e-01 -9.434187e-02 -9.686806e+00 -9.918637e-01 -7.407572e-03 -1.270884e-01 1.108091e+02
-1.279864e-01 9.539837e-02 9.871771e-01 6.413477e+01 4.925732e-03 9.954119e-01 -9.555555e-02 -9.763294e+00 -9.917637e-01 -7.367243e-03 -1.278691e-01 1.107168e+02
-1.285658e-01 9.312964e-02 9.873184e-01 6.488120e+01 2.670940e-03 9.956097e-01 -9.356392e-02 -9.845435e+00 -9.916974e-01 -9.392049e-03 -1.282501e-01 1.106284e+02
-1.282954e-01 8.836557e-02 9.877914e-01 6.562327e+01 2.862165e-03 9.960514e-01 -8.873275e-02 -9.926335e+00 -9.917319e-01 -8.556782e-03 -1.280417e-01 1.105336e+02
-1.281712e-01 8.645993e-02 9.879761e-01 6.636319e+01 4.997464e-03 9.962363e-01 -8.653447e-02 -1.000645e+01 -9.917395e-01 -6.153852e-03 -1.281209e-01 1.104367e+02
-1.290196e-01 8.623302e-02 9.878855e-01 6.710277e+01 5.459905e-03 9.962585e-01 -8.625083e-02 -1.008430e+01 -9.916270e-01 -5.734285e-03 -1.290077e-01 1.103428e+02
-1.308073e-01 8.716479e-02 9.875686e-01 6.783885e+01 4.075080e-03 9.961664e-01 -8.738389e-02 -1.016280e+01 -9.913994e-01 -7.406033e-03 -1.306611e-01 1.102528e+02
-1.332063e-01 8.805036e-02 9.871693e-01 6.857785e+01 3.351304e-03 9.960800e-01 -8.839294e-02 -1.023922e+01 -9.910827e-01 -8.466193e-03 -1.329792e-01 1.101614e+02
-1.353023e-01 8.833197e-02 9.868590e-01 6.931436e+01 4.251226e-03 9.960606e-01 -8.857273e-02 -1.031788e+01 -9.907952e-01 -7.788733e-03 -1.351448e-01 1.100637e+02
-1.371813e-01 8.847780e-02 9.865865e-01 7.004801e+01 4.176140e-03 9.960456e-01 -8.874542e-02 -1.039816e+01 -9.905372e-01 -8.054085e-03 -1.370083e-01 1.099636e+02
-1.393171e-01 8.812784e-02 9.863185e-01 7.079476e+01 3.502238e-03 9.960696e-01 -8.850442e-02 -1.047841e+01 -9.902416e-01 -8.875857e-03 -1.390782e-01 1.098648e+02
-1.412600e-01 8.851876e-02 9.860071e-01 7.154506e+01 9.488320e-04 9.960061e-01 -8.928048e-02 -1.055674e+01 -9.899721e-01 -1.167621e-02 -1.407798e-01 1.097682e+02
-1.423761e-01 9.000624e-02 9.857119e-01 7.229346e+01 9.419279e-04 9.958689e-01 -9.079763e-02 -1.063944e+01 -9.898122e-01 -1.199895e-02 -1.418727e-01 1.096651e+02
-1.432294e-01 9.044225e-02 9.855483e-01 7.304980e+01 -2.505114e-04 9.958123e-01 -9.142057e-02 -1.072038e+01 -9.896895e-01 -1.334100e-02 -1.426069e-01 1.095621e+02
-1.447295e-01 9.081908e-02 9.852945e-01 7.381195e+01 -8.684320e-04 9.957668e-01 -9.191192e-02 -1.080043e+01 -9.894709e-01 -1.415803e-02 -1.440380e-01 1.094587e+02
-1.458712e-01 8.921026e-02 9.852731e-01 7.458634e+01 -7.646317e-04 9.959155e-01 -9.028706e-02 -1.088348e+01 -9.893033e-01 -1.392365e-02 -1.452071e-01 1.093519e+02
-1.471987e-01 8.676232e-02 9.852943e-01 7.536009e+01 -3.842784e-03 9.960877e-01 -8.828685e-02 -1.096706e+01 -9.890995e-01 -1.678198e-02 -1.462894e-01 1.092454e+02
