1.000000e+00 0.000000e+00 0.000000e+00 0.000000e+00 0.000000e+00 1.000000e+00 0.000000e+00 0.000000e+00 0.000000e+00 0.000000e+00 1.000000e+00 0.000000e+00
9.998743e-01 2.108330e-03 1.571136e-02 1.210042e-02 -2.088560e-03 9.999970e-01 -1.274617e-03 4.526738e-03 -1.571400e-02 1.241643e-03 9.998758e-01 1.485896e-01
9.993046e-01 5.266916e-03 3.691329e-02 3.332969e-02 -5.229545e-03 9.999857e-01 -1.108893e-03 8.766509e-03 -3.691860e-02 9.150818e-04 9.993179e-01 3.125651e-01
9.979290e-01 7.323973e-03 6.390720e-02 6.801886e-02 -7.338980e-03 9.999731e-01 6.771113e-08 1.238746e-02 -6.390547e-02 -4.690812e-04 9.979558e-01 4.953997e-01
9.951775e-01 7.239063e-03 9.782322e-02 1.187945e-01 -7.468256e-03 9.999702e-01 1.976957e-03 1.915174e-02 -9.780599e-02 -2.697992e-03 9.952018e-01 7.034630e-01
9.907224e-01 4.476090e-03 1.358274e-01 1.816248e-01 -5.015645e-03 9.999808e-01 3.630397e-03 2.346438e-02 -1.358086e-01 -4.277978e-03 9.907259e-01 9.524086e-01
9.844587e-01 2.019245e-03 1.756045e-01 2.493841e-01 -2.721644e-03 9.999892e-01 3.759140e-03 2.000231e-02 -1.755950e-01 -4.178651e-03 9.844536e-01 1.208405e+00
9.755669e-01 2.576100e-03 2.196874e-01 3.106259e-01 -3.648899e-03 9.999833e-01 4.477675e-03 3.186270e-02 -2.196722e-01 -5.169889e-03 9.755600e-01 1.503611e+00
9.633199e-01 3.450605e-03 2.683333e-01 3.765291e-01 -5.505281e-03 9.999610e-01 6.905130e-03 4.280753e-02 -2.682990e-01 -8.129100e-03 9.633014e-01 1.796635e+00
9.489464e-01 -1.502022e-03 3.154337e-01 5.109799e-01 -2.979953e-03 9.999014e-01 1.372615e-02 4.287662e-02 -3.154232e-01 -1.396536e-02 9.488484e-01 2.024248e+00
9.319147e-01 -1.085896e-02 3.625149e-01 6.493732e-01 3.286977e-03 9.997635e-01 2.149762e-02 3.227480e-02 -3.626626e-01 -1.884237e-02 9.317300e-01 2.230446e+00
9.099364e-01 -1.533365e-02 4.144643e-01 7.215855e-01 5.275086e-03 9.996634e-01 2.540266e-02 2.237494e-02 -4.147143e-01 -2.092847e-02 9.097110e-01 2.414842e+00
8.842204e-01 -1.542754e-02 4.668150e-01 8.947460e-01 2.298189e-03 9.995860e-01 2.868170e-02 3.654972e-02 -4.670642e-01 -2.428812e-02 8.838898e-01 2.662342e+00
8.552000e-01 -1.653954e-02 5.180342e-01 1.100895e+00 -2.328507e-04 9.994783e-01 3.229525e-02 5.844079e-02 -5.182981e-01 -2.773952e-02 8.547500e-01 2.904803e+00
8.223927e-01 -2.060432e-02 5.685470e-01 1.358097e+00 1.225060e-04 9.993504e-01 3.603956e-02 6.866235e-02 -5.689202e-01 -2.956902e-02 8.218610e-01 3.179223e+00
7.855294e-01 -2.543225e-02 6.183015e-01 1.585919e+00 1.753351e-03 9.992426e-01 3.887372e-02 7.010470e-02 -6.188218e-01 -2.945235e-02 7.849791e-01 3.421626e+00
7.462353e-01 -2.844697e-02 6.650742e-01 1.821247e+00 1.818212e-03 9.991699e-01 4.069702e-02 8.427390e-02 -6.656798e-01 -2.916031e-02 7.456675e-01 3.664925e+00
7.050173e-01 -3.067292e-02 7.085265e-01 2.092786e+00 2.216958e-03 9.991547e-01 4.104857e-02 9.876308e-02 -7.091866e-01 -2.736918e-02 7.044893e-01 3.907081e+00
6.616720e-01 -3.174137e-02 7.491213e-01 2.401984e+00 9.498630e-04 9.991382e-01 4.149598e-02 1.167600e-01 -7.497928e-01 -2.674517e-02 6.611319e-01 4.156997e+00
6.185042e-01 -3.090948e-02 7.851734e-01 2.735798e+00 -4.380107e-03 9.990749e-01 4.278036e-02 1.375081e-01 -7.857693e-01 -2.989897e-02 6.177966e-01 4.375243e+00
5.748414e-01 -3.107072e-02 8.176748e-01 3.086355e+00 -7.594071e-03 9.990332e-01 4.330092e-02 1.531973e-01 -8.182296e-01 -3.110064e-02 5.740496e-01 4.631391e+00
5.341446e-01 -3.186183e-02 8.447925e-01 3.487062e+00 -9.413396e-03 9.990034e-01 4.362988e-02 1.745756e-01 -8.453408e-01 -3.125703e-02 5.333123e-01 4.845121e+00
4.950656e-01 -3.337113e-02 8.682145e-01 3.905149e+00 -1.101773e-02 9.989407e-01 4.467822e-02 1.948886e-01 -8.687858e-01 -3.168440e-02 4.941734e-01 5.050847e+00
4.574525e-01 -3.261518e-02 8.886358e-01 4.343546e+00 -1.386676e-02 9.989440e-01 4.380211e-02 2.128297e-01 -8.891260e-01 -3.235989e-02 4.565171e-01 5.247308e+00
4.206936e-01 -3.117900e-02 9.066668e-01 4.809411e+00 -1.477223e-02 9.990413e-01 4.120995e-02 2.378011e-01 -9.070825e-01 -3.073025e-02 4.198297e-01 5.436846e+00
3.870489e-01 -2.946168e-02 9.215884e-01 5.300487e+00 -1.320035e-02 9.992099e-01 3.748699e-02 2.534159e-01 -9.219647e-01 -2.667458e-02 3.863542e-01 5.611805e+00
3.575182e-01 -2.725168e-02 9.335085e-01 5.825915e+00 -1.102616e-02 9.993813e-01 3.339753e-02 2.722771e-01 -9.338411e-01 -2.223324e-02 3.569966e-01 5.782468e+00
3.319389e-01 -2.477564e-02 9.429755e-01 6.369128e+00 -9.874307e-03 9.995090e-01 2.973687e-02 2.955233e-01 -9.432492e-01 -1.918205e-02 3.315313e-01 5.956409e+00
3.117020e-01 -2.373755e-02 9.498834e-01 6.944401e+00 -8.785300e-03 9.995732e-01 2.786218e-02 3.144674e-01 -9.501393e-01 -1.702971e-02 3.113604e-01 6.131947e+00
2.969986e-01 -2.385594e-02 9.545799e-01 7.546116e+00 -7.776071e-03 9.995943e-01 2.740027e-02 3.328910e-01 -9.548463e-01 -1.556072e-02 2.966926e-01 6.308964e+00
2.853643e-01 -2.473638e-02 9.580998e-01 8.175984e+00 -7.103691e-03 9.995848e-01 2.792324e-02 3.536430e-01 -9.583928e-01 -1.477434e-02 2.850701e-01 6.491764e+00
2.744301e-01 -2.611921e-02 9.612523e-01 8.831510e+00 -8.402332e-03 9.995278e-01 2.955804e-02 3.745261e-01 -9.615703e-01 -1.618838e-02 2.740811e-01 6.675584e+00
2.636566e-01 -2.727642e-02 9.642309e-01 9.514688e+00 -1.002093e-02 9.994687e-01 3.101334e-02 3.981658e-01 -9.645646e-01 -1.783936e-02 2.632432e-01 6.865745e+00
2.536023e-01 -2.848421e-02 9.668891e-01 1.021950e+01 -1.103025e-02 9.994162e-01 3.233553e-02 4.228653e-01 -9.672457e-01 -1.886540e-02 2.531401e-01 7.047147e+00
2.435418e-01 -2.977014e-02 9.694334e-01 1.094785e+01 -1.211669e-02 9.993574e-01 3.373303e-02 4.459543e-01 -9.698147e-01 -1.996173e-02 2.430246e-01 7.227263e+00
2.330989e-01 -3.080046e-02 9.719651e-01 1.169651e+01 -1.242464e-02 9.993224e-01 3.464708e-02 4.692065e-01 -9.723737e-01 -2.015251e-02 2.325582e-01 7.403468e+00
2.227152e-01 -3.147792e-02 9.743752e-01 1.246215e+01 -1.267242e-02 9.993007e-01 3.517972e-02 4.948415e-01 -9.748012e-01 -2.018275e-02 2.221606e-01 7.578455e+00
2.120654e-01 -3.375810e-02 9.766722e-01 1.324717e+01 -1.420710e-02 9.991911e-01 3.762124e-02 5.208331e-01 -9.771522e-01 -2.185385e-02 2.114143e-01 7.752361e+00
2.007970e-01 -3.704688e-02 9.789321e-01 1.404318e+01 -1.604759e-02 9.990262e-01 4.109898e-02 5.458757e-01 -9.795014e-01 -2.396205e-02 2.000069e-01 7.915314e+00
1.886535e-01 -4.051973e-02 9.812074e-01 1.484476e+01 -1.711143e-02 9.988611e-01 4.453871e-02 5.688469e-01 -9.818946e-01 -2.519225e-02 1.877453e-01 8.069241e+00
1.756521e-01 -4.271159e-02 9.835253e-01 1.565010e+01 -1.775778e-02 9.987584e-01 4.654456e-02 5.881775e-01 -9.842921e-01 -2.564088e-02 1.746755e-01 8.210934e+00
1.615891e-01 -4.296081e-02 9.859226e-01 1.646657e+01 -1.784692e-02 9.987614e-01 4.644530e-02 6.132068e-01 -9.866967e-01 -2.510073e-02 1.606223e-01 8.342611e+00
1.471615e-01 -4.141975e-02 9.882449e-01 1.728790e+01 -1.954103e-02 9.988061e-01 4.477229e-02 6.418929e-01 -9.889194e-01 -2.590008e-02 1.461764e-01 8.464440e+00
1.306364e-01 -4.017473e-02 9.906160e-01 1.811580e+01 -1.998434e-02 9.988689e-01 4.314484e-02 6.652877e-01 -9.912289e-01 -2.543309e-02 1.296858e-01 8.570296e+00
1.101510e-01 -3.812118e-02 9.931835e-01 1.895330e+01 -2.267496e-02 9.989077e-01 4.085570e-02 6.916795e-01 -9.936562e-01 -2.702069e-02 1.091663e-01 8.661000e+00
8.439700e-02 -3.642201e-02 9.957663e-01 1.979725e+01 -2.735473e-02 9.988704e-01 3.885402e-02 7.153362e-01 -9.960567e-01 -3.051809e-02 8.330536e-02 8.734014e+00
5.392961e-02 -3.548708e-02 9.979140e-01 2.066271e+01 -3.126980e-02 9.988181e-01 3.720913e-02 7.404394e-01 -9.980550e-01 -3.321124e-02 5.275620e-02 8.775734e+00
2.052682e-02 -3.470155e-02 9.991869e-01 2.151930e+01 -3.411591e-02 9.987911e-01 3.538866e-02 7.653445e-01 -9.992071e-01 -3.481459e-02 1.931813e-02 8.787914e+00
-1.384489e-02 -3.389685e-02 9.993294e-01 2.238701e+01 -3.546421e-02 9.988131e-01 3.338800e-02 7.811268e-01 -9.992750e-01 -3.497818e-02 -1.503058e-02 8.765644e+00
-4.777357e-02 -3.226479e-02 9.983370e-01 2.324924e+01 -3.622792e-02 9.988765e-01 3.054861e-02 7.990044e-01 -9.982010e-01 -3.470826e-02 -4.888878e-02 8.713938e+00
-8.061284e-02 -3.041974e-02 9.962812e-01 2.410008e+01 -3.840600e-02 9.988867e-01 2.739172e-02 8.065014e-01 -9.960053e-01 -3.605505e-02 -8.169139e-02 8.640969e+00
-1.130988e-01 -2.727241e-02 9.932094e-01 2.495280e+01 -4.056193e-02 9.989166e-01 2.281025e-02 8.154250e-01 -9.927555e-01 -3.770667e-02 -1.140825e-01 8.542684e+00
-1.456340e-01 -2.245652e-02 9.890836e-01 2.579905e+01 -3.752823e-02 9.991482e-01 1.715932e-02 8.200927e-01 -9.886265e-01 -3.461958e-02 -1.463528e-01 8.412853e+00
-1.770218e-01 -1.611685e-02 9.840750e-01 2.663243e+01 -3.177697e-02 9.994382e-01 1.065221e-02 8.191021e-01 -9.836938e-01 -2.938524e-02 -1.774345e-01 8.247894e+00
-2.074870e-01 -9.656320e-03 9.781901e-01 2.746093e+01 -2.560952e-02 9.996622e-01 4.436167e-03 8.100527e-01 -9.779025e-01 -2.413053e-02 -2.076642e-01 8.059325e+00
-2.362100e-01 -3.737975e-03 9.716948e-01 2.829213e+01 -1.948610e-02 9.998097e-01 -8.907592e-04 7.964325e-01 -9.715066e-01 -1.914494e-02 -2.362379e-01 7.842931e+00
-2.637555e-01 2.429192e-03 9.645865e-01 2.911590e+01 -1.104957e-02 9.999236e-01 -5.539566e-03 7.757634e-01 -9.645263e-01 -1.211935e-02 -2.637085e-01 7.597061e+00
-2.896773e-01 1.268312e-02 9.570403e-01 2.992161e+01 -5.359296e-03 9.998750e-01 -1.487294e-02 7.463063e-01 -9.571094e-01 -9.437416e-03 -2.895731e-01 7.333963e+00
-3.147671e-01 2.820897e-02 9.487496e-01 3.071363e+01 -9.355907e-04 9.995486e-01 -3.002977e-02 7.126956e-01 -9.491685e-01 -1.034003e-02 -3.145987e-01 7.056466e+00
-3.394021e-01 4.546293e-02 9.395421e-01 3.150866e+01 -8.380486e-05 9.988299e-01 -4.836204e-02 6.743764e-01 -9.406414e-01 -1.649291e-02 -3.390011e-01 6.757113e+00
-3.644747e-01 6.023030e-02 9.292634e-01 3.227832e+01 4.081168e-04 9.979163e-01 -6.451998e-02 6.179616e-01 -9.312132e-01 -2.313665e-02 -3.637399e-01 6.448782e+00
-3.887150e-01 7.071064e-02 9.186407e-01 3.303833e+01 4.630165e-03 9.971880e-01 -7.479746e-02 5.513676e-01 -9.213464e-01 -2.482144e-02 -3.879493e-01 6.118250e+00
-4.118555e-01 7.472655e-02 9.081800e-01 3.378711e+01 8.258085e-03 9.968971e-01 -7.828134e-02 4.722732e-01 -9.112117e-01 -2.474077e-02 -4.111947e-01 5.763443e+00
-4.341415e-01 7.439624e-02 8.977674e-01 3.454016e+01 1.240444e-02 9.969832e-01 -7.661954e-02 3.932409e-01 -9.007593e-01 -2.212742e-02 -4.337547e-01 5.389560e+00
-4.540902e-01 7.017608e-02 8.881877e-01 3.526773e+01 1.637201e-02 9.973821e-01 -7.043331e-02 3.175501e-01 -8.908053e-01 -1.744166e-02 -4.540504e-01 5.004836e+00
-4.714295e-01 6.923313e-02 8.791820e-01 3.598191e+01 2.482508e-02 9.975605e-01 -6.524356e-02 2.416736e-01 -8.815543e-01 -8.931978e-03 -4.719982e-01 4.603349e+00
-4.848453e-01 6.980781e-02 8.718096e-01 3.668016e+01 2.730876e-02 9.975318e-01 -6.468728e-02 1.705899e-01 -8.741735e-01 -7.555285e-03 -4.855550e-01 4.197675e+00
-4.958188e-01 7.387003e-02 8.652785e-01 3.737598e+01 3.131789e-02 9.972485e-01 -6.719083e-02 9.824470e-02 -8.678611e-01 -6.215776e-03 -4.967680e-01 3.790348e+00
-5.057440e-01 7.602011e-02 8.593276e-01 3.806244e+01 3.193956e-02 9.970769e-01 -6.940852e-02 2.224670e-02 -8.620921e-01 -7.656393e-03 -5.066937e-01 3.385612e+00
-5.165562e-01 7.508003e-02 8.529553e-01 3.875019e+01 2.606033e-02 9.970654e-01 -7.198276e-02 -5.500958e-02 -8.558566e-01 -1.495485e-02 -5.169969e-01 2.978826e+00
-5.276770e-01 7.368146e-02 8.462435e-01 3.943379e+01 2.561776e-02 9.971581e-01 -7.084741e-02 -1.260783e-01 -8.490587e-01 -1.570569e-02 -5.280650e-01 2.558115e+00
-5.364275e-01 7.481729e-02 8.406235e-01 4.011719e+01 2.734151e-02 9.970805e-01 -7.129484e-02 -1.956713e-01 -8.435034e-01 -1.526059e-02 -5.369070e-01 2.122136e+00
-5.434236e-01 7.772632e-02 8.358525e-01 4.080925e+01 3.023837e-02 9.968705e-01 -7.304019e-02 -2.701724e-01 -8.389138e-01 -1.441695e-02 -5.440733e-01 1.660471e+00
-5.469286e-01 8.052894e-02 8.332972e-01 4.150409e+01 3.086822e-02 9.966259e-01 -7.605271e-02 -3.386852e-01 -8.366100e-01 -1.587300e-02 -5.475690e-01 1.208319e+00
-5.467188e-01 8.258326e-02 8.332338e-01 4.220430e+01 3.027529e-02 9.964233e-01 -7.889240e-02 -4.142178e-01 -8.367688e-01 -1.790557e-02 -5.472636e-01 7.531515e-01
-5.433988e-01 8.286470e-02 8.353749e-01 4.292483e+01 3.175941e-02 9.964331e-01 -7.818179e-02 -4.872696e-01 -8.388737e-01 -1.595287e-02 -5.440923e-01 2.861767e-01
-5.377697e-01 8.161308e-02 8.391323e-01 4.365843e+01 2.917553e-02 9.965090e-01 -7.822181e-02 -5.672696e-01 -8.425868e-01 -1.758319e-02 -5.382734e-01 -1.743424e-01
-5.309896e-01 8.030775e-02 8.435643e-01 4.441274e+01 2.654062e-02 9.965868e-01 -7.816932e-02 -6.458625e-01 -8.469626e-01 -1.911837e-02 -5.313086e-01 -6.372834e-01
-5.239611e-01 7.996658e-02 8.479800e-01 4.517939e+01 2.459543e-02 9.965883e-01 -7.878336e-02 -7.263282e-01 -8.513870e-01 -2.042298e-02 -5.241403e-01 -1.101452e+00
-5.178408e-01 7.832706e-02 8.518836e-01 4.597135e+01 2.080924e-02 9.966583e-01 -7.898900e-02 -8.110998e-01 -8.552239e-01 -2.317667e-02 -5.177403e-01 -1.571724e+00
-5.139461e-01 7.582010e-02 8.544652e-01 4.678819e+01 1.561215e-02 9.967480e-01 -7.905498e-02 -8.947231e-01 -8.576804e-01 -2.728996e-02 -5.134585e-01 -2.045132e+00
-5.130674e-01 7.283125e-02 8.552528e-01 4.763565e+01 1.053080e-02 9.968528e-01 -7.857212e-02 -9.833697e-01 -8.582837e-01 -3.130629e-02 -5.122197e-01 -2.529679e+00
-5.141247e-01 6.995446e-02 8.548580e-01 4.848370e+01 6.485105e-03 9.969571e-01 -7.768242e-02 -1.071801e+00 -8.576909e-01 -3.439461e-02 -5.130139e-01 -3.011746e+00
-5.156326e-01 6.861824e-02 8.540577e-01 4.935403e+01 4.440629e-03 9.969886e-01 -7.742085e-02 -1.162701e+00 -8.567983e-01 -3.612816e-02 -5.143845e-01 -3.509398e+00
-5.164610e-01 6.743769e-02 8.536511e-01 5.023416e+01 3.435323e-03 9.970492e-01 -7.668764e-02 -1.259717e+00 -8.563038e-01 -3.667361e-02 -5.151688e-01 -4.024929e+00
-5.171018e-01 6.661467e-02 8.533277e-01 5.111280e+01 1.766169e-03 9.970477e-01 -7.676385e-02 -1.347049e+00 -8.559221e-01 -3.818761e-02 -5.156929e-01 -4.535151e+00
-5.173237e-01 6.530712e-02 8.532943e-01 5.202419e+01 7.094785e-04 9.971164e-01 -7.588445e-02 -1.444133e+00 -8.557895e-01 -3.865143e-02 -5.158782e-01 -5.079899e+00
-5.177547e-01 6.451237e-02 8.530933e-01 5.292361e+01 -7.711475e-04 9.971173e-01 -7.587173e-02 -1.543420e+00 -8.555288e-01 -3.994080e-02 -5.162124e-01 -5.614750e+00
-5.189586e-01 6.286968e-02 8.524842e-01 5.383194e+01 -3.339497e-03 9.971349e-01 -7.557044e-02 -1.629788e+00 -8.547928e-01 -4.206480e-02 -5.172618e-01 -6.128424e+00
-5.190640e-01 6.201656e-02 8.524826e-01 5.471200e+01 -4.674038e-03 9.971434e-01 -7.538632e-02 -1.723535e+00 -8.547226e-01 -4.311486e-02 -5.172914e-01 -6.650711e+00
-5.186885e-01 6.107046e-02 8.527794e-01 5.559678e+01 -6.640172e-03 9.971277e-01 -7.544651e-02 -1.816504e+00 -8.549375e-01 -4.479584e-02 -5.167932e-01 -7.174603e+00
-5.180146e-01 5.913906e-02 8.533249e-01 5.649385e+01 -8.118723e-03 9.972222e-01 -7.404026e-02 -1.916489e+00 -8.553332e-01 -4.528185e-02 -5.160955e-01 -7.689446e+00
-5.159871e-01 5.677316e-02 8.547129e-01 5.739505e+01 -8.698285e-03 9.974025e-01 -7.150225e-02 -2.017236e+00 -8.565522e-01 -4.432877e-02 -5.141530e-01 -8.225146e+00
-5.135951e-01 5.539580e-02 8.562426e-01 5.827472e+01 -8.630168e-03 9.975297e-01 -6.971315e-02 -2.112191e+00 -8.579893e-01 -4.319385e-02 -5.118484e-01 -8.743925e+00
-5.116212e-01 5.460842e-02 8.574740e-01 5.917189e+01 -9.632458e-03 9.975510e-01 -6.927656e-02 -2.210524e+00 -8.591571e-01 -4.370294e-02 -5.098422e-01 -9.259075e+00
-5.095279e-01 5.463828e-02 8.587176e-01 6.005734e+01 -1.030534e-02 9.975228e-01 -6.958492e-02 -2.300165e+00 -8.603924e-01 -4.430484e-02 -5.077027e-01 -9.782110e+00
-5.086378e-01 5.512242e-02 8.592142e-01 6.093915e+01 -1.085025e-02 9.974588e-01 -7.041456e-02 -2.390365e+00 -8.609122e-01 -4.513820e-02 -5.067472e-01 -1.029748e+01
-5.096781e-01 5.646153e-02 8.585105e-01 6.182903e+01 -1.202577e-02 9.972794e-01 -7.272734e-02 -2.481497e+00 -8.602811e-01 -4.739177e-02 -5.076124e-01 -1.081067e+01
-5.128068e-01 5.790232e-02 8.565492e-01 6.269933e+01 -1.375028e-02 9.970410e-01 -7.563165e-02 -2.578776e+00 -8.583939e-01 -5.056221e-02 -5.104932e-01 -1.131825e+01
-5.174316e-01 5.812689e-02 8.537481e-01 6.356672e+01 -1.559617e-02 9.968840e-01 -7.732459e-02 -2.673507e+00 -8.555824e-01 -5.332538e-02 -5.149127e-01 -1.182959e+01
-5.227427e-01 5.693374e-02 8.505872e-01 6.442959e+01 -1.413380e-02 9.970514e-01 -7.542343e-02 -2.767726e+00 -8.523734e-01 -5.144908e-02 -5.203966e-01 -1.235414e+01
-5.281085e-01 5.464759e-02 8.474167e-01 6.528744e+01 -1.304134e-02 9.972875e-01 -7.243969e-02 -2.863458e+00 -8.490768e-01 -4.930746e-02 -5.259633e-01 -1.288344e+01
-5.331825e-01 5.245025e-02 8.443728e-01 6.613518e+01 -1.525216e-02 9.973181e-01 -7.158185e-02 -2.956170e+00 -8.458628e-01 -5.104470e-02 -5.309526e-01 -1.341175e+01
-5.381063e-01 5.542623e-02 8.410526e-01 6.697802e+01 -1.379429e-02 9.971228e-01 -7.453703e-02 -3.048791e+00 -8.427641e-01 -5.171057e-02 -5.357936e-01 -1.394601e+01
-5.430644e-01 5.692707e-02 8.377591e-01 6.780621e+01 -1.348817e-02 9.969791e-01 -7.648982e-02 -3.140611e+00 -8.395827e-01 -5.283874e-02 -5.406561e-01 -1.447585e+01
-5.477136e-01 5.777498e-02 8.346687e-01 6.861977e+01 -1.479454e-02 9.967882e-01 -7.870499e-02 -3.236909e+00 -8.365350e-01 -5.545633e-02 -5.450997e-01 -1.500077e+01
-5.515507e-01 5.762286e-02 8.321487e-01 6.944083e+01 -1.657063e-02 9.966573e-01 -7.999747e-02 -3.334017e+00 -8.339767e-01 -5.791189e-02 -5.487522e-01 -1.553079e+01
-5.545984e-01 5.726869e-02 8.301451e-01 7.024321e+01 -1.523060e-02 9.967632e-01 -7.893823e-02 -3.428345e+00 -8.319788e-01 -5.642263e-02 -5.519310e-01 -1.606575e+01
-5.569191e-01 5.052644e-02 8.290285e-01 7.105102e+01 -1.462280e-02 9.973967e-01 -7.061111e-02 -3.515966e+00 -8.304380e-01 -5.144739e-02 -5.547304e-01 -1.660529e+01
-5.591695e-01 4.180040e-02 8.279989e-01 7.186444e+01 -1.536948e-02 9.980338e-01 -6.076379e-02 -3.604018e+00 -8.289109e-01 -4.670317e-02 -5.574276e-01 -1.714419e+01
-5.608561e-01 4.011446e-02 8.269409e-01 7.266477e+01 -1.454582e-02 9.981939e-01 -5.828726e-02 -3.689352e+00 -8.277855e-01 -4.471930e-02 -5.592597e-01 -1.767560e+01
-5.620948e-01 4.445284e-02 8.258773e-01 7.346052e+01 -1.532963e-02 9.978231e-01 -6.414122e-02 -3.760098e+00 -8.269307e-01 -4.871384e-02 -5.601897e-01 -1.820848e+01
-5.632266e-01 5.091818e-02 8.247321e-01 7.424595e+01 -1.366469e-02 9.973891e-01 -7.090976e-02 -3.839816e+00 -8.261895e-01 -5.120797e-02 -5.610603e-01 -1.874055e+01
-5.636574e-01 5.444516e-02 8.242124e-01 7.503744e+01 -9.339844e-03 9.973415e-01 -7.226886e-02 -3.917149e+00 -8.259558e-01 -4.843289e-02 -5.616504e-01 -1.928149e+01
-5.635561e-01 5.571587e-02 8.241967e-01 7.582675e+01 -6.413198e-03 9.973978e-01 -7.180941e-02 -4.001125e+00 -8.260529e-01 -4.575437e-02 -5.617323e-01 -1.982194e+01
-5.631663e-01 5.223465e-02 8.246910e-01 7.661240e+01 -8.309144e-03 9.975917e-01 -6.886007e-02 -4.081573e+00 -8.263018e-01 -4.563215e-02 -5.613760e-01 -2.035348e+01
-5.624103e-01 4.754251e-02 8.254904e-01 7.739621e+01 -9.732864e-03 9.978958e-01 -6.410291e-02 -4.158719e+00 -8.268010e-01 -4.408652e-02 -5.607642e-01 -2.088395e+01
-5.616873e-01 4.075566e-02 8.263452e-01 7.817970e+01 -1.343832e-02 9.982048e-01 -5.836620e-02 -4.234243e+00 -8.272404e-01 -4.388825e-02 -5.601313e-01 -2.140663e+01
-5.614142e-01 3.479650e-02 8.268031e-01 7.896517e+01 -2.245344e-02 9.981072e-01 -5.725222e-02 -4.307493e+00 -8.272303e-01 -5.070678e-02 -5.595702e-01 -2.191578e+01
-5.600511e-01 2.941366e-02 8.279357e-01 7.975459e+01 -3.036335e-02 9.979693e-01 -5.599343e-02 -4.373057e+00 -8.279014e-01 -5.649809e-02 -5.580208e-01 -2.242837e+01
-5.580389e-01 3.015503e-02 8.292667e-01 8.053521e+01 -2.743725e-02 9.981226e-01 -5.475858e-02 -4.444171e+00 -8.293611e-01 -5.331022e-02 -5.561638e-01 -2.294773e+01
-5.548569e-01 3.348965e-02 8.312714e-01 8.131591e+01 -2.406085e-02 9.981255e-01 -5.627188e-02 -4.514610e+00 -8.315978e-01 -5.122394e-02 -5.530111e-01 -2.347000e+01
-5.495434e-01 3.664815e-02 8.346610e-01 8.209613e+01 -2.274896e-02 9.980106e-01 -5.879846e-02 -4.581159e+00 -8.351554e-01 -5.129997e-02 -5.476164e-01 -2.397957e+01
-5.415186e-01 3.919461e-02 8.397746e-01 8.287849e+01 -1.794267e-02 9.981462e-01 -5.815637e-02 -4.652253e+00 -8.404973e-01 -4.656055e-02 -5.398115e-01 -2.448950e+01
-5.334415e-01 4.262097e-02 8.447625e-01 8.366520e+01 -1.155305e-02 9.982694e-01 -5.766128e-02 -4.724235e+00 -8.457581e-01 -4.051850e-02 -5.320259e-01 -2.498881e+01
-5.238643e-01 4.141617e-02 8.507943e-01 8.446110e+01 -1.516834e-02 9.982053e-01 -5.793175e-02 -4.791195e+00 -8.516666e-01 -4.325352e-02 -5.222959e-01 -2.546733e+01
-5.130149e-01 3.921253e-02 8.574836e-01 8.526158e+01 -1.824156e-02 9.982324e-01 -5.656249e-02 -4.854911e+00 -8.581859e-01 -4.465924e-02 -5.113928e-01 -2.593495e+01
-5.016164e-01 3.595490e-02 8.643427e-01 8.606610e+01 -1.942234e-02 9.984160e-01 -5.280372e-02 -4.919514e+00 -8.648721e-01 -4.327477e-02 -5.001235e-01 -2.639482e+01
-4.907217e-01 3.517455e-02 8.706061e-01 8.687724e+01 -2.092633e-02 9.984208e-01 -5.213380e-02 -4.985963e+00 -8.710650e-01 -4.380178e-02 -4.892107e-01 -2.684170e+01
-4.791415e-01 3.448222e-02 8.770601e-01 8.768917e+01 -2.134347e-02 9.984749e-01 -5.091576e-02 -5.044793e+00 -8.774781e-01 -4.311536e-02 -4.776748e-01 -2.727329e+01
-4.670882e-01 3.573176e-02 8.834885e-01 8.850764e+01 -2.075356e-02 9.984649e-01 -5.135398e-02 -5.106305e+00 -8.839671e-01 -4.232236e-02 -4.656296e-01 -2.770326e+01
-4.553597e-01 3.957176e-02 8.894277e-01 8.932568e+01 -2.193802e-02 9.982097e-01 -5.564320e-02 -5.175638e+00 -8.900372e-01 -4.484996e-02 -4.536763e-01 -2.811061e+01
-4.437880e-01 4.897501e-02 8.947925e-01 9.014347e+01 -2.023926e-02 9.977030e-01 -6.464566e-02 -5.238107e+00 -8.959032e-01 -4.679891e-02 -4.417774e-01 -2.851100e+01
-4.313869e-01 5.365733e-02 9.005699e-01 9.096281e+01 -2.124454e-02 9.973487e-01 -6.960002e-02 -5.306732e+00 -9.019168e-01 -4.915674e-02 -4.291033e-01 -2.889468e+01
-4.203378e-01 5.007612e-02 9.059848e-01 9.180226e+01 -2.391475e-02 9.975177e-01 -6.623079e-02 -5.382597e+00 -9.070525e-01 -4.950570e-02 -4.180968e-01 -2.926887e+01
-4.087310e-01 4.639097e-02 9.114751e-01 9.264078e+01 -2.595849e-02 9.977123e-01 -6.242066e-02 -5.460055e+00 -9.122857e-01 -4.917378e-02 -4.065917e-01 -2.963376e+01
-3.992347e-01 4.714590e-02 9.156358e-01 9.347419e+01 -2.950303e-02 9.974992e-01 -6.422491e-02 -5.536215e+00 -9.163740e-01 -5.265484e-02 -3.968453e-01 -2.998433e+01
-3.926281e-01 5.139628e-02 9.182601e-01 9.430736e+01 -3.513721e-02 9.968700e-01 -7.082010e-02 -5.613016e+00 -9.190259e-01 -6.007106e-02 -3.895933e-01 -3.032198e+01
-3.879515e-01 5.611813e-02 9.199698e-01 9.513991e+01 -4.146533e-02 9.960714e-01 -7.824626e-02 -5.689313e+00 -9.207466e-01 -6.850261e-02 -3.841004e-01 -3.065304e+01
-3.845265e-01 5.814052e-02 9.212812e-01 9.597737e+01 -4.420819e-02 9.957096e-01 -8.128929e-02 -5.774791e+00 -9.220548e-01 -7.198606e-02 -3.803065e-01 -3.098836e+01
-3.811201e-01 5.772966e-02 9.227214e-01 9.681020e+01 -4.664081e-02 9.955771e-01 -8.155233e-02 -5.860094e+00 -9.233483e-01 -7.411770e-02 -3.767419e-01 -3.131553e+01
-3.762096e-01 5.807149e-02 9.247130e-01 9.763698e+01 -4.769937e-02 9.954966e-01 -8.192264e-02 -5.943132e+00 -9.253060e-01 -7.492830e-02 -3.717454e-01 -3.164069e+01
-3.705436e-01 5.382900e-02 9.272539e-01 9.847201e+01 -5.015264e-02 9.957033e-01 -7.784432e-02 -6.030043e+00 -9.274600e-01 -7.534895e-02 -3.662518e-01 -3.196039e+01
-3.653556e-01 5.006634e-02 9.295206e-01 9.931109e+01 -5.117362e-02 9.959623e-01 -7.375926e-02 -6.114682e+00 -9.294603e-01 -7.451530e-02 -3.613184e-01 -3.227835e+01
-3.596417e-01 4.716468e-02 9.318977e-01 1.001515e+02 -5.303985e-02 9.960735e-01 -7.088206e-02 -6.197947e+00 -9.315818e-01 -7.491986e-02 -3.557280e-01 -3.258967e+01
-3.542980e-01 4.532892e-02 9.340333e-01 1.009970e+02 -6.201890e-02 9.954864e-01 -7.183630e-02 -6.274898e+00 -9.330737e-01 -8.337918e-02 -3.498875e-01 -3.288598e+01
-3.483930e-01 4.537804e-02 9.362495e-01 1.018472e+02 -6.956376e-02 9.948214e-01 -7.410265e-02 -6.353157e+00 -9.347637e-01 -9.094588e-02 -3.434322e-01 -3.317536e+01
-3.416974e-01 4.958200e-02 9.385012e-01 1.026889e+02 -6.849951e-02 9.946374e-01 -7.748761e-02 -6.434669e+00 -9.373104e-01 -9.076419e-02 -3.364686e-01 -3.347055e+01
-3.347456e-01 5.319285e-02 9.408060e-01 1.035289e+02 -6.701626e-02 9.945334e-01 -8.007545e-02 -6.513742e+00 -9.399224e-01 -8.985420e-02 -3.293509e-01 -3.376129e+01
-3.284089e-01 5.144867e-02 9.431334e-01 1.043870e+02 -6.861728e-02 9.945776e-01 -7.814824e-02 -6.594028e+00 -9.420400e-01 -9.037982e-02 -3.230978e-01 -3.404555e+01
-3.214629e-01 4.683437e-02 9.457633e-01 1.052465e+02 -6.930844e-02 9.949334e-01 -7.282708e-02 -6.676841e+00 -9.443823e-01 -8.896058e-02 -3.165881e-01 -3.432655e+01
-3.145216e-01 4.420189e-02 9.482206e-01 1.061104e+02 -7.110031e-02 9.950123e-01 -6.996685e-02 -6.757590e+00 -9.465838e-01 -8.942487e-02 -3.098101e-01 -3.460286e+01
-3.081334e-01 4.741496e-02 9.501608e-01 1.069703e+02 -7.358322e-02 9.945774e-01 -7.349418e-02 -6.833612e+00 -9.484932e-01 -9.256190e-02 -3.029735e-01 -3.486986e+01
-3.017244e-01 5.015213e-02 9.520752e-01 1.078272e+02 -7.341443e-02 9.944282e-01 -7.564909e-02 -6.913864e+00 -9.505644e-01 -9.272123e-02 -2.963614e-01 -3.512847e+01
-2.951985e-01 5.071476e-02 9.540890e-01 1.086774e+02 -7.639214e-02 9.941404e-01 -7.647969e-02 -6.992224e+00 -9.523771e-01 -9.546159e-02 -2.895945e-01 -3.537316e+01
-2.881031e-01 5.042334e-02 9.562709e-01 1.095285e+02 -7.631710e-02 9.942273e-01 -7.541739e-02 -7.073065e+00 -9.545535e-01 -9.470781e-02 -2.825918e-01 -3.561805e+01
-2.800400e-01 5.050851e-02 9.586587e-01 1.103738e+02 -7.268747e-02 9.946327e-01 -7.363707e-02 -7.152631e+00 -9.572325e-01 -9.030380e-02 -2.748656e-01 -3.585805e+01
-2.723134e-01 5.185333e-02 9.608104e-01 1.112345e+02 -7.047144e-02 9.947904e-01 -7.366023e-02 -7.230999e+00 -9.596245e-01 -8.776835e-02 -2.672406e-01 -3.609659e+01
-2.656662e-01 5.262264e-02 9.626278e-01 1.120912e+02 -6.981487e-02 9.948374e-01 -7.365091e-02 -7.307762e+00 -9.615339e-01 -8.677229e-02 -2.606208e-01 -3.632301e+01
-2.592222e-01 5.136992e-02 9.644506e-01 1.129478e+02 -7.662890e-02 9.943426e-01 -7.355816e-02 -7.383945e+00 -9.627730e-01 -9.297270e-02 -2.538193e-01 -3.653124e+01
-2.536842e-01 4.949966e-02 9.660197e-01 1.138138e+02 -8.107268e-02 9.940877e-01 -7.222819e-02 -7.463663e+00 -9.638836e-01 -9.664097e-02 -2.481713e-01 -3.673824e+01
-2.490907e-01 4.954513e-02 9.672120e-01 1.146857e+02 -7.905620e-02 9.943175e-01 -7.129332e-02 -7.544315e+00 -9.652481e-01 -9.422262e-02 -2.437584e-01 -3.695307e+01
-2.443437e-01 4.970327e-02 9.684140e-01 1.155521e+02 -7.775856e-02 9.944651e-01 -7.065984e-02 -7.626554e+00 -9.665660e-01 -9.256777e-02 -2.391265e-01 -3.716280e+01
-2.398320e-01 5.105646e-02 9.694709e-01 1.164182e+02 -7.771019e-02 9.944021e-01 -7.159372e-02 -7.702603e+00 -9.676992e-01 -9.250823e-02 -2.345218e-01 -3.736144e+01
-2.338144e-01 5.063719e-02 9.709617e-01 1.172848e+02 -7.183425e-02 9.950139e-01 -6.918974e-02 -7.775407e+00 -9.696240e-01 -8.592587e-02 -2.290111e-01 -3.756834e+01
-2.284373e-01 4.981528e-02 9.722833e-01 1.181583e+02 -6.526737e-02 9.956597e-01 -6.634750e-02 -7.849368e+00 -9.713684e-01 -7.861462e-02 -2.241945e-01 -3.777209e+01
-2.236688e-01 4.891600e-02 9.734369e-01 1.190245e+02 -6.436626e-02 9.958183e-01 -6.483026e-02 -7.926541e+00 -9.725375e-01 -7.715700e-02 -2.195849e-01 -3.796442e+01
-2.197801e-01 5.072672e-02 9.742297e-01 1.198968e+02 -6.675698e-02 9.955242e-01 -6.689545e-02 -7.997179e+00 -9.732627e-01 -7.973892e-02 -2.154101e-01 -3.814560e+01
-2.163702e-01 5.279590e-02 9.748828e-01 1.207657e+02 -6.889862e-02 9.952215e-01 -6.918906e-02 -8.065171e+00 -9.738773e-01 -8.213853e-02 -2.116987e-01 -3.832438e+01
-2.148242e-01 5.226864e-02 9.752531e-01 1.216324e+02 -7.205644e-02 9.949972e-01 -6.919908e-02 -8.137945e+00 -9.739910e-01 -8.513890e-02 -2.099832e-01 -3.850111e+01
-2.140120e-01 5.129928e-02 9.754831e-01 1.225047e+02 -7.305649e-02 9.949827e-01 -6.835266e-02 -8.209878e+00 -9.740953e-01 -8.589366e-02 -2.091905e-01 -3.867939e+01
-2.129885e-01 4.710483e-02 9.759186e-01 1.233778e+02 -7.211013e-02 9.953553e-01 -6.378061e-02 -8.278814e+00 -9.743901e-01 -8.395816e-02 -2.086025e-01 -3.886441e+01
-2.120679e-01 4.194933e-02 9.763542e-01 1.242449e+02 -7.383499e-02 9.955349e-01 -5.881068e-02 -8.348427e+00 -9.744617e-01 -8.456096e-02 -2.080237e-01 -3.904073e+01
-2.113737e-01 4.020780e-02 9.765779e-01 1.251086e+02 -7.390687e-02 9.956355e-01 -5.698909e-02 -8.415425e+00 -9.746071e-01 -8.422182e-02 -2.074795e-01 -3.921593e+01
-2.103230e-01 4.507320e-02 9.765924e-01 1.259538e+02 -7.480672e-02 9.952659e-01 -6.204574e-02 -8.479620e+00 -9.747657e-01 -8.610532e-02 -2.059555e-01 -3.938656e+01
-2.104670e-01 4.889117e-02 9.763776e-01 1.268020e+02 -7.535826e-02 9.949655e-01 -6.606609e-02 -8.545946e+00 -9.746922e-01 -8.748285e-02 -2.057230e-01 -3.955760e+01
-2.107555e-01 4.804428e-02 9.763574e-01 1.276544e+02 -7.928049e-02 9.946612e-01 -6.605838e-02 -8.611519e+00 -9.743186e-01 -9.132826e-02 -2.058214e-01 -3.972520e+01
-2.102503e-01 4.711641e-02 9.765116e-01 1.284973e+02 -8.097892e-02 9.945664e-01 -6.542292e-02 -8.686405e+00 -9.742881e-01 -9.283204e-02 -2.052924e-01 -3.988997e+01
-2.095425e-01 4.811447e-02 9.766150e-01 1.293352e+02 -7.729230e-02 9.948482e-01 -6.559659e-02 -8.755676e+00 -9.747399e-01 -8.923009e-02 -2.047441e-01 -4.006540e+01
-2.089047e-01 5.071882e-02 9.766199e-01 1.301630e+02 -7.963399e-02 9.944554e-01 -6.867925e-02 -8.821067e+00 -9.746883e-01 -9.211956e-02 -2.037074e-01 -4.023103e+01
-2.096769e-01 5.155065e-02 9.764108e-01 1.309937e+02 -8.874110e-02 9.934845e-01 -7.150857e-02 -8.891496e+00 -9.737354e-01 -1.016415e-01 -2.037361e-01 -4.038207e+01
-2.093171e-01 5.301074e-02 9.764099e-01 1.318227e+02 -9.470245e-02 9.927366e-01 -7.419891e-02 -8.966190e+00 -9.732511e-01 -1.079995e-01 -2.027765e-01 -4.054016e+01
-2.091730e-01 5.685266e-02 9.762246e-01 1.326382e+02 -9.211620e-02 9.927238e-01 -7.755101e-02 -9.040179e+00 -9.735303e-01 -1.061477e-01 -2.024140e-01 -4.070114e+01
-2.086769e-01 5.811359e-02 9.762565e-01 1.334562e+02 -9.093147e-02 9.927558e-01 -7.853255e-02 -9.117686e+00 -9.737481e-01 -1.051604e-01 -2.018809e-01 -4.086542e+01
-2.070739e-01 5.948124e-02 9.765154e-01 1.342705e+02 -9.162815e-02 9.925834e-01 -7.989007e-02 -9.196100e+00 -9.740250e-01 -1.060194e-01 -2.000879e-01 -4.102310e+01
-2.051963e-01 5.924920e-02 9.769258e-01 1.350801e+02 -8.399875e-02 9.934168e-01 -7.789269e-02 -9.271113e+00 -9.751096e-01 -9.804384e-02 -1.988686e-01 -4.118800e+01
-2.015405e-01 5.637591e-02 9.778564e-01 1.358884e+02 -7.890227e-02 9.941633e-01 -7.357815e-02 -9.349947e+00 -9.762970e-01 -9.198407e-02 -1.959160e-01 -4.135644e+01
-1.997172e-01 5.179409e-02 9.784837e-01 1.366958e+02 -7.537926e-02 9.948306e-01 -6.804495e-02 -9.425912e+00 -9.769499e-01 -8.734712e-02 -1.947806e-01 -4.151391e+01
-1.962853e-01 5.140007e-02 9.791987e-01 1.374905e+02 -7.481307e-02 9.949292e-01 -6.722246e-02 -9.497080e+00 -9.776886e-01 -8.645165e-02 -1.914446e-01 -4.166019e+01
-1.912962e-01 5.672164e-02 9.798920e-01 1.382821e+02 -7.415387e-02 9.946405e-01 -7.205181e-02 -9.570743e+00 -9.787272e-01 -8.644603e-02 -1.860648e-01 -4.180690e+01
-1.847240e-01 6.009799e-02 9.809512e-01 1.390710e+02 -7.303433e-02 9.945293e-01 -7.468302e-02 -9.640759e+00 -9.800730e-01 -8.543886e-02 -1.793242e-01 -4.194691e+01
-1.765754e-01 6.116617e-02 9.823848e-01 1.398661e+02 -7.381924e-02 9.944335e-01 -7.518475e-02 -9.704663e+00 -9.815151e-01 -8.579467e-02 -1.710773e-01 -4.207959e+01
-1.669699e-01 5.702313e-02 9.843116e-01 1.406629e+02 -7.271201e-02 9.948955e-01 -6.997050e-02 -9.776392e+00 -9.832772e-01 -8.325424e-02 -1.619714e-01 -4.220567e+01
-1.550516e-01 5.619063e-02 9.863071e-01 1.414541e+02 -6.972678e-02 9.952688e-01 -6.766254e-02 -9.845133e+00 -9.854426e-01 -7.926321e-02 -1.504001e-01 -4.232354e+01
-1.413623e-01 5.926689e-02 9.881822e-01 1.422384e+02 -6.691435e-02 9.953513e-01 -6.926915e-02 -9.908578e+00 -9.876939e-01 -7.591562e-02 -1.367393e-01 -4.242938e+01
-1.272711e-01 6.068576e-02 9.900098e-01 1.430241e+02 -6.834889e-02 9.952173e-01 -6.979159e-02 -9.973574e+00 -9.895102e-01 -7.654852e-02 -1.225146e-01 -4.251831e+01
-1.135768e-01 6.096951e-02 9.916567e-01 1.438029e+02 -6.757567e-02 9.953298e-01 -6.893495e-02 -1.003979e+01 -9.912284e-01 -7.484128e-02 -1.089264e-01 -4.259716e+01
-1.003318e-01 6.284838e-02 9.929671e-01 1.445804e+02 -6.772152e-02 9.952571e-01 -6.983607e-02 -1.010789e+01 -9.926466e-01 -7.425202e-02 -9.559973e-02 -4.266296e+01
-8.670214e-02 6.935434e-02 9.938172e-01 1.453466e+02 -7.128218e-02 9.945851e-01 -7.562669e-02 -1.017886e+01 -9.936808e-01 -7.739845e-02 -8.128893e-02 -4.271460e+01
-7.428644e-02 7.841983e-02 9.941488e-01 1.461091e+02 -7.868650e-02 9.933342e-01 -8.423531e-02 -1.024916e+01 -9.941277e-01 -8.448363e-02 -6.762068e-02 -4.274807e+01
-6.075689e-02 8.645488e-02 9.944014e-01 1.468683e+02 -8.268990e-02 9.923814e-01 -9.133153e-02 -1.031937e+01 -9.947216e-01 -8.777597e-02 -5.314507e-02 -4.277294e+01
-4.762285e-02 8.741555e-02 9.950330e-01 1.476322e+02 -8.337476e-02 9.923391e-01 -9.116925e-02 -1.039182e+01 -9.953797e-01 -8.730237e-02 -3.996977e-02 -4.279537e+01
-3.596377e-02 8.362388e-02 9.958482e-01 1.483961e+02 -8.761410e-02 9.923920e-01 -8.649772e-02 -1.046973e+01 -9.955051e-01 -9.036112e-02 -2.836352e-02 -4.280358e+01
-2.547238e-02 8.139499e-02 9.963564e-01 1.491583e+02 -9.213075e-02 9.922469e-01 -8.341465e-02 -1.054880e+01 -9.954211e-01 -9.391983e-02 -1.777591e-02 -4.280128e+01
-1.664233e-02 8.784356e-02 9.959953e-01 1.499070e+02 -9.600261e-02 9.913905e-01 -8.904157e-02 -1.062974e+01 -9.952419e-01 -9.710000e-02 -8.065838e-03 -4.279033e+01
-1.036134e-02 9.590545e-02 9.953365e-01 1.506511e+02 -9.939297e-02 9.903617e-01 -9.646077e-02 -1.070402e+01 -9.949943e-01 -9.992891e-02 -7.291521e-04 -4.277824e+01
-7.459612e-03 9.925423e-02 9.950341e-01 1.513971e+02 -1.026742e-01 9.897267e-01 -9.949454e-02 -1.077505e+01 -9.946871e-01 -1.029065e-01 2.807873e-03 -4.276724e+01
-7.727058e-03 9.476446e-02 9.954697e-01 1.521490e+02 -1.054165e-01 9.898752e-01 -9.505015e-02 -1.085669e+01 -9.943981e-01 -1.056734e-01 2.340914e-03 -4.275626e+01
-9.566445e-03 9.040209e-02 9.958594e-01 1.528956e+02 -1.067289e-01 9.901237e-01 -9.090667e-02 -1.094457e+01 -9.942421e-01 -1.071567e-01 1.765533e-04 -4.274727e+01
-1.248576e-02 8.775732e-02 9.960636e-01 1.536416e+02 -1.055811e-01 9.904570e-01 -8.858682e-02 -1.102173e+01 -9.943323e-01 -1.062716e-01 -3.101097e-03 -4.274628e+01
-1.520466e-02 8.858579e-02 9.959525e-01 1.543868e+02 -1.037814e-01 9.905479e-01 -8.968945e-02 -1.109378e+01 -9.944839e-01 -1.047250e-01 -5.867385e-03 -4.275181e+01
-1.886725e-02 8.874964e-02 9.958753e-01 1.551273e+02 -1.024951e-01 9.906333e-01 -9.022430e-02 -1.117298e+01 -9.945546e-01 -1.037746e-01 -9.594128e-03 -4.275713e+01
-2.382481e-02 8.719056e-02 9.959067e-01 1.558644e+02 -1.036208e-01 9.906084e-01 -8.920560e-02 -1.125411e+01 -9.943315e-01 -1.053220e-01 -1.456630e-02 -4.276071e+01
-2.905378e-02 8.764310e-02 9.957282e-01 1.566068e+02 -1.041199e-01 9.904644e-01 -9.021784e-02 -1.132797e+01 -9.941403e-01 -1.062963e-01 -1.965135e-02 -4.277350e+01
-3.494904e-02 8.590828e-02 9.956899e-01 1.573438e+02 -1.049806e-01 9.904709e-01 -8.914284e-02 -1.140371e+01 -9.938600e-01 -1.076436e-01 -2.559730e-02 -4.278891e+01
-4.042178e-02 8.317052e-02 9.957152e-01 1.580803e+02 -1.017751e-01 9.910039e-01 -8.690863e-02 -1.148752e+01 -9.939859e-01 -1.048520e-01 -3.159345e-02 -4.281384e+01
-4.562631e-02 8.325303e-02 9.954834e-01 1.588103e+02 -1.024749e-01 9.908741e-01 -8.756431e-02 -1.156132e+01 -9.936887e-01 -1.060073e-01 -3.667858e-02 -4.283977e+01
-5.096067e-02 8.444104e-02 9.951245e-01 1.595315e+02 -1.038639e-01 9.905679e-01 -8.937330e-02 -1.163664e+01 -9.932851e-01 -1.079121e-01 -4.170962e-02 -4.286428e+01
-5.507097e-02 8.686657e-02 9.946966e-01 1.602487e+02 -1.041736e-01 9.902718e-01 -9.224767e-02 -1.171509e+01 -9.930333e-01 -1.087013e-01 -4.548603e-02 -4.289082e+01
-5.743654e-02 8.923657e-02 9.943530e-01 1.609644e+02 -1.039946e-01 9.900441e-01 -9.485688e-02 -1.179446e+01 -9.929180e-01 -1.088555e-01 -4.758459e-02 -4.292402e+01
-5.908294e-02 9.105029e-02 9.940921e-01 1.616726e+02 -1.013727e-01 9.901364e-01 -9.671298e-02 -1.186877e+01 -9.930925e-01 -1.064879e-01 -4.927016e-02 -4.295777e+01
-5.820509e-02 8.982527e-02 9.942553e-01 1.623834e+02 -9.827413e-02 9.905908e-01 -9.524731e-02 -1.194521e+01 -9.934558e-01 -1.032535e-01 -4.882992e-02 -4.299301e+01
-5.423411e-02 8.635888e-02 9.947868e-01 1.630893e+02 -9.572577e-02 9.912148e-01 -9.126759e-02 -1.202510e+01 -9.939292e-01 -1.001765e-01 -4.549088e-02 -4.302303e+01
-4.675676e-02 8.646418e-02 9.951571e-01 1.637888e+02 -9.482685e-02 9.913634e-01 -9.058993e-02 -1.210264e+01 -9.943951e-01 -9.860331e-02 -3.815381e-02 -4.304373e+01
-3.528763e-02 8.738958e-02 9.955490e-01 1.644821e+02 -9.232852e-02 9.916240e-01 -9.031766e-02 -1.217736e+01 -9.951031e-01 -9.510466e-02 -2.692351e-02 -4.305968e+01
-2.062330e-02 8.780043e-02 9.959246e-01 1.651720e+02 -9.018807e-02 9.919118e-01 -8.931425e-02 -1.224930e+01 -9.957112e-01 -9.166247e-02 -1.253795e-02 -4.306512e+01
-5.235715e-03 8.553196e-02 9.963217e-01 1.658610e+02 -9.116462e-02 9.921455e-01 -8.565252e-02 -1.231797e+01 -9.958221e-01 -9.127774e-02 2.602898e-03 -4.305434e+01
1.067993e-02 8.075877e-02 9.966765e-01 1.665456e+02 -9.655122e-02 9.921593e-01 -7.935816e-02 -1.238556e+01 -9.952707e-01 -9.538279e-02 1.839355e-02 -4.302464e+01
2.708988e-02 7.426903e-02 9.968702e-01 1.672257e+02 -9.862223e-02 9.925696e-01 -7.126857e-02 -1.244834e+01 -9.947561e-01 -9.638291e-02 3.421317e-02 -4.298809e+01
4.431268e-02 6.722433e-02 9.967534e-01 1.679031e+02 -9.925493e-02 9.930932e-01 -6.256490e-02 -1.250195e+01 -9.940749e-01 -9.616027e-02 5.067896e-02 -4.294508e+01
6.204018e-02 5.981869e-02 9.962794e-01 1.685754e+02 -9.988484e-02 9.935631e-01 -5.343558e-02 -1.255385e+01 -9.930630e-01 -9.619806e-02 6.761581e-02 -4.288950e+01
7.917559e-02 5.393260e-02 9.954007e-01 1.692409e+02 -1.019531e-01 9.937374e-01 -4.573299e-02 -1.260260e+01 -9.916334e-01 -9.786326e-02 8.417834e-02 -4.281894e+01
9.713092e-02 5.161072e-02 9.939326e-01 1.698942e+02 -1.035454e-01 9.937593e-01 -4.148287e-02 -1.264858e+01 -9.898707e-01 -9.888783e-02 1.018688e-01 -4.273794e+01
1.152663e-01 5.049534e-02 9.920504e-01 1.705403e+02 -1.027160e-01 9.939592e-01 -3.865793e-02 -1.268549e+01 -9.880097e-01 -9.744349e-02 1.197567e-01 -4.265016e+01
1.326836e-01 5.010626e-02 9.898911e-01 1.711806e+02 -1.046765e-01 9.938445e-01 -3.627569e-02 -1.271830e+01 -9.856155e-01 -9.880512e-02 1.371118e-01 -4.254646e+01
1.486442e-01 4.919103e-02 9.876665e-01 1.718129e+02 -1.099342e-01 9.933932e-01 -3.293111e-02 -1.274789e+01 -9.827611e-01 -1.036833e-01 1.530699e-01 -4.242931e+01
1.630120e-01 4.586791e-02 9.855573e-01 1.724446e+02 -1.130023e-01 9.932132e-01 -2.753354e-02 -1.277757e+01 -9.801314e-01 -1.068819e-01 1.670888e-01 -4.230549e+01
1.753566e-01 4.248739e-02 9.835878e-01 1.730660e+02 -1.107093e-01 9.935824e-01 -2.318157e-02 -1.280093e+01 -9.782605e-01 -1.048273e-01 1.789350e-01 -4.218588e+01
1.864098e-01 4.144964e-02 9.815973e-01 1.736843e+02 -1.088292e-01 9.938323e-01 -2.129913e-02 -1.282777e+01 -9.764259e-01 -1.028561e-01 1.897710e-01 -4.206188e+01
1.962523e-01 4.501077e-02 9.795198e-01 1.742891e+02 -1.130437e-01 9.933239e-01 -2.299615e-02 -1.285597e+01 -9.740155e-01 -1.062155e-01 2.000303e-01 -4.192355e+01
2.051165e-01 5.232201e-02 9.773380e-01 1.748872e+02 -1.176584e-01 9.926466e-01 -2.844827e-02 -1.288280e+01 -9.716397e-01 -1.091568e-01 2.097643e-01 -4.177842e+01
2.142213e-01 6.263268e-02 9.747750e-01 1.754748e+02 -1.184332e-01 9.922450e-01 -3.772775e-02 -1.290403e+01 -9.695787e-01 -1.073636e-01 2.199778e-01 -4.163688e+01
2.227512e-01 6.892006e-02 9.724361e-01 1.760723e+02 -1.137325e-01 9.925236e-01 -4.429159e-02 -1.292902e+01 -9.682184e-01 -1.007315e-01 2.289243e-01 -4.149895e+01
2.292098e-01 6.744064e-02 9.710379e-01 1.766728e+02 -1.137746e-01 9.926149e-01 -4.208315e-02 -1.295282e+01 -9.667048e-01 -1.008336e-01 2.351901e-01 -4.134710e+01
